[0, 1, 3]
[0, 2]
[0, 2]
[0, 2]
[0, 2]
[0, 2]
[0, 2]
[0, 2]
[0, 2]
[0, 2]
[0, 2]
[0, 2]
[0, 2]
[0, 2]
[2]
[0, 3]
[1, 2, 3]
[2, 1, 3]
[0, 2, 3]
[0, 2, 3]
[2, 0, 3]
[0, 1, 3]
[332, 241, 78, 53, 108, 335, 64, 163, 373, 377, 248, 26, 179, 146, 62, 296, 214, 270, 147, 52, 10, 41, 338, 217, 247, 83, 129, 23, 324, 231, 134, 244, 343, 286, 278, 189, 234, 356, 2, 395]
[13, 174, 168, 274, 45, 134, 0, 160, 63, 128, 81, 107, 217, 199, 23, 350, 10, 384, 165, 66, 52, 370, 78, 233, 98, 394, 53, 306, 260, 239, 125, 262, 157, 236, 147, 29, 33, 208, 296, 395]
[319, 215, 75, 17, 254, 335, 287, 66, 19, 11, 256, 284, 64, 60, 253, 379, 134, 177, 143, 263, 232, 352, 147, 274, 199, 340, 83, 370, 373, 338, 282, 168, 394, 257, 162, 0, 183, 2, 350, 395]
[310, 373, 319, 171, 172, 147, 302, 231, 324, 186, 244, 343, 10, 350, 286, 368, 270, 52, 33, 351, 346, 168, 29, 332, 216, 64, 203, 212, 330, 176, 218, 248, 234, 71, 349, 127, 134, 115, 265, 395]
[14, 40, 46, 15, 49, 24, 52]
