[1.0, 1.0, 1.0, 0.0]
[0.8125, 0.75, 0.75, 0.0]
[1.0, 1.0, 0.0]
[0.7777777777777778, 0.7777777777777778, 0.7777777777777778, 0.0]
[1.0, 1.0, 1.0, 0.0]
[1.0, 1.0, 0.0]
[0.75, 0.75, 0.0]
[0.75, 0.75, 0.0]
[0.75, 0.75, 0.0]
[0.75, 0.75, 0.75, 0.0]
[0.75, 0.75, 0.75, 0.0]
[1.0, 1.0, 1.0, 0.0]
[0.7777777777777778, 0.7777777777777778, 0.5555555555555556, 0.0]
[1.0, 1.0, 0.0]
[0.7777777777777778, 0.5555555555555556, 0.0]
[0.7777777777777778, 0.5555555555555556, 0.0]
[1.0, 1.0, 0.0]
[1.0, 1.0, 0.0]
[1.0, 1.0, 0.0]
[1.0, 1.0, 0.0]
[1.0, 1.0, 0.0]
[1.0, 1.0, 0.0]
[0.7777777777777778, 0.5555555555555556, 0.0]
[0.7777777777777778, 0.5555555555555556, 0.0]
[1.0, 1.0, 0.0]
[1.0, 1.0, 0.0]
[0.7777777777777778, 0.5555555555555556, 0.0]
[0.7777777777777778, 0.5555555555555556, 0.0]
[1.0, 1.0, 0.0]
[0.7777777777777778, 0.5555555555555556, 0.0]
[0.7777777777777778, 0.5555555555555556, 0.0]
[0.7777777777777778, 0.5555555555555556, 0.0]
[0.7777777777777778, 0.5555555555555556, 0.0]
[0.7777777777777778, 0.5555555555555556, 0.0]
[0.7777777777777778, 0.5555555555555556, 0.0]
[0.7777777777777778, 0.5555555555555556, 0.0]
[1.0, 1.0, 1.0, 0.0]
[0.625, 0.4375, 0.4375, 0.0]
[0.515625, 0.515625, 0.703125]
[0.625, 0.5625, 0.5625, 0.0]
[0.6326530612244898, 0.6734693877551021, 0.7551020408163265, 0.5306122448979591]
[0.6326530612244898, 0.6734693877551021, 0.7551020408163265, 0.5714285714285714]
[0.7142857142857143, 0.6734693877551021, 0.7551020408163265, 0.5714285714285714]
[0.7142857142857143, 0.6734693877551021, 0.7551020408163265, 0.5714285714285714]
[0.7142857142857143, 0.6734693877551021, 0.7551020408163265, 0.5714285714285714]
[1.0, 1.0, 0.0]
[1.0, 1.0, 1.0, 0.0]
[1.0, 1.0, 1.0, 0.0]
[0.75, 0.75, 0.5, 0.0]
[0.8888888888888888, 0.4444444444444444, 0.7777777777777778, 0.5555555555555556, 0.5555555555555556, 0.6666666666666667, 0.5555555555555556, 0.33333333333333337, 0.33333333333333337, 0.33333333333333337, 1.0, 0.7777777777777778, 0.5555555555555556, 0.7777777777777778, 0.33333333333333337, 0.5555555555555556, 0.7777777777777778, 0.7777777777777778, 0.5555555555555556, 0.7777777777777778, 1.0, 0.6666666666666667, 0.4444444444444444, 1.0, 0.4444444444444444, 0.5555555555555556, 0.8888888888888888, 0.5555555555555556, 0.6666666666666667, 1.0, 0.33333333333333337, 0.4444444444444444, 0.7777777777777778, 0.7777777777777778, 0.5555555555555556, 0.7777777777777778, 0.5555555555555556, 1.0, 0.7777777777777778, 0.7777777777777778, 0.6666666666666667, 0.7777777777777778, 0.7777777777777778, 0.5555555555555556, 0.5555555555555556, 0.7777777777777778, 0.5555555555555556, 0.6666666666666667, 0.5555555555555556, 0.8888888888888888, 0.5555555555555556, 0.5555555555555556, 1.0, 0.7777777777777778, 0.5555555555555556, 0.33333333333333337, 0.6666666666666667, 0.5555555555555556, 0.5555555555555556, 0.5555555555555556, 1.0, 0.6666666666666667, 0.7777777777777778, 1.0, 0.7777777777777778, 0.6666666666666667, 1.0, 0.6666666666666667, 0.4444444444444444, 0.5555555555555556, 0.5555555555555556, 1.0, 0.6666666666666667, 0.6666666666666667, 0.5555555555555556, 1.0, 0.5555555555555556, 0.7777777777777778, 1.0, 0.6666666666666667, 0.4444444444444444, 0.7777777777777778, 0.6666666666666667, 0.7777777777777778, 0.6666666666666667, 0.6666666666666667, 0.33333333333333337, 0.33333333333333337, 0.6666666666666667, 0.7777777777777778, 0.5555555555555556, 0.33333333333333337, 0.5555555555555556, 0.8888888888888888, 0.6666666666666667, 1.0, 0.5555555555555556, 0.33333333333333337, 1.0, 0.5555555555555556, 0.33333333333333337, 0.7777777777777778, 0.7777777777777778, 0.5555555555555556, 0.6666666666666667, 0.7777777777777778, 0.7777777777777778, 0.7777777777777778, 0.8888888888888888, 0.7777777777777778, 0.6666666666666667, 0.6666666666666667, 0.33333333333333337, 0.6666666666666667, 0.6666666666666667, 0.7777777777777778, 0.5555555555555556, 0.5555555555555556, 0.5555555555555556, 0.6666666666666667, 0.7777777777777778, 0.7777777777777778, 0.33333333333333337, 0.5555555555555556, 0.5555555555555556, 1.0, 0.4444444444444444, 1.0, 0.7777777777777778, 0.7777777777777778, 0.33333333333333337, 0.5555555555555556, 0.5555555555555556, 0.6666666666666667, 0.7777777777777778, 0.6666666666666667, 0.33333333333333337, 0.6666666666666667, 0.6666666666666667, 0.4444444444444444, 0.5555555555555556, 0.5555555555555556, 0.33333333333333337, 0.7777777777777778, 0.6666666666666667, 0.6666666666666667, 0.7777777777777778, 1.0, 0.5555555555555556, 0.5555555555555556, 0.7777777777777778, 0.7777777777777778, 0.33333333333333337, 0.4444444444444444, 0.7777777777777778, 0.33333333333333337, 0.5555555555555556, 1.0, 0.33333333333333337, 0.33333333333333337, 0.7777777777777778, 0.33333333333333337, 1.0, 0.7777777777777778, 0.5555555555555556, 0.8888888888888888, 0.7777777777777778, 0.7777777777777778, 1.0, 0.6666666666666667, 0.6666666666666667, 0.7777777777777778, 0.7777777777777778, 0.5555555555555556, 0.8888888888888888, 0.8888888888888888, 0.8888888888888888, 0.7777777777777778, 0.5555555555555556, 0.7777777777777778, 0.5555555555555556, 0.6666666666666667, 0.7777777777777778, 0.7777777777777778, 0.6666666666666667, 0.33333333333333337, 0.7777777777777778, 0.6666666666666667, 0.33333333333333337, 1.0, 0.5555555555555556, 0.5555555555555556, 0.4444444444444444, 0.6666666666666667, 0.5555555555555556, 0.5555555555555556, 1.0, 0.7777777777777778, 0.7777777777777778, 0.7777777777777778, 1.0, 1.0, 0.7777777777777778, 1.0, 1.0, 0.33333333333333337, 0.6666666666666667, 0.7777777777777778, 0.7777777777777778, 0.5555555555555556, 0.5555555555555556, 0.5555555555555556, 0.7777777777777778, 0.7777777777777778, 0.7777777777777778, 1.0, 0.7777777777777778, 0.7777777777777778, 0.7777777777777778, 0.5555555555555556, 0.33333333333333337, 0.5555555555555556, 0.6666666666666667, 0.6666666666666667, 0.5555555555555556, 0.5555555555555556, 0.6666666666666667, 0.7777777777777778, 0.5555555555555556, 0.33333333333333337, 0.5555555555555556, 1.0, 0.7777777777777778, 0.7777777777777778, 1.0, 0.7777777777777778, 0.7777777777777778, 0.33333333333333337, 0.5555555555555556, 0.7777777777777778, 0.6666666666666667, 1.0, 0.6666666666666667, 0.4444444444444444, 1.0, 0.33333333333333337, 0.8888888888888888, 0.8888888888888888, 1.0, 0.6666666666666667, 0.6666666666666667, 0.5555555555555556, 0.6666666666666667, 0.7777777777777778, 0.7777777777777778, 0.5555555555555556, 0.7777777777777778, 0.7777777777777778, 0.5555555555555556, 0.4444444444444444, 0.7777777777777778, 0.7777777777777778, 0.8888888888888888, 0.7777777777777778, 0.33333333333333337, 0.7777777777777778, 0.4444444444444444, 0.7777777777777778, 0.5555555555555556, 0.5555555555555556, 1.0, 0.5555555555555556, 0.5555555555555556, 0.5555555555555556, 1.0, 0.6666666666666667, 0.5555555555555556, 0.5555555555555556, 0.7777777777777778, 0.5555555555555556, 0.5555555555555556, 0.5555555555555556, 0.7777777777777778, 0.6666666666666667, 0.7777777777777778, 0.5555555555555556, 1.0, 0.7777777777777778, 0.6666666666666667, 0.6666666666666667, 0.6666666666666667, 0.7777777777777778, 0.5555555555555556, 0.5555555555555556, 0.8888888888888888, 0.5555555555555556, 0.7777777777777778, 0.6666666666666667, 0.6666666666666667, 0.5555555555555556, 0.5555555555555556, 0.8888888888888888, 1.0, 0.5555555555555556, 0.7777777777777778, 1.0, 0.7777777777777778, 0.5555555555555556, 0.5555555555555556, 0.6666666666666667, 0.7777777777777778, 0.8888888888888888, 0.7777777777777778, 0.33333333333333337, 0.4444444444444444, 0.6666666666666667, 0.33333333333333337, 0.5555555555555556, 0.4444444444444444, 1.0, 0.7777777777777778, 0.33333333333333337, 0.5555555555555556, 0.6666666666666667, 0.7777777777777778, 0.5555555555555556, 0.33333333333333337, 0.5555555555555556, 1.0, 1.0, 0.8888888888888888, 0.5555555555555556, 0.7777777777777778, 0.6666666666666667, 0.7777777777777778, 0.7777777777777778, 0.5555555555555556, 0.6666666666666667, 0.7777777777777778, 0.5555555555555556, 0.7777777777777778, 0.33333333333333337, 0.5555555555555556, 0.7777777777777778, 0.5555555555555556, 0.7777777777777778, 1.0, 0.5555555555555556, 0.4444444444444444, 0.8888888888888888, 0.7777777777777778, 0.7777777777777778, 0.7777777777777778, 0.7777777777777778, 0.5555555555555556, 0.6666666666666667, 0.7777777777777778, 0.5555555555555556, 0.6666666666666667, 0.7777777777777778, 0.5555555555555556, 0.5555555555555556, 0.7777777777777778, 0.33333333333333337, 0.6666666666666667, 0.7777777777777778, 0.5555555555555556, 0.4444444444444444, 0.7777777777777778, 0.6666666666666667, 0.7777777777777778, 0.6666666666666667, 0.33333333333333337, 0.7777777777777778, 0.33333333333333337, 0.5555555555555556, 0.6666666666666667, 1.0, 0.33333333333333337, 0.8888888888888888, 0.5555555555555556, 0.4444444444444444, 0.5555555555555556, 0.5555555555555556, 0.7777777777777778, 0.33333333333333337, 0.5555555555555556, 0.6666666666666667, 0.7777777777777778, 1.0, 0.5555555555555556, 0.6666666666666667, 0.5555555555555556, 0.5555555555555556, 0.7777777777777778, 0.0]
[0.8888888888888888, 0.4444444444444444, 0.7777777777777778, 0.5555555555555556, 0.5555555555555556, 0.6666666666666667, 0.5555555555555556, 0.33333333333333337, 0.33333333333333337, 0.33333333333333337, 1.0, 0.7777777777777778, 0.5555555555555556, 0.7777777777777778, 0.33333333333333337, 0.5555555555555556, 0.7777777777777778, 0.7777777777777778, 0.5555555555555556, 0.7777777777777778, 1.0, 0.6666666666666667, 0.4444444444444444, 1.0, 0.4444444444444444, 0.5555555555555556, 0.8888888888888888, 0.5555555555555556, 0.6666666666666667, 1.0, 0.33333333333333337, 0.4444444444444444, 0.7777777777777778, 0.7777777777777778, 0.5555555555555556, 0.7777777777777778, 0.5555555555555556, 1.0, 0.7777777777777778, 0.7777777777777778, 0.6666666666666667, 0.7777777777777778, 0.7777777777777778, 0.5555555555555556, 0.5555555555555556, 0.7777777777777778, 0.5555555555555556, 0.6666666666666667, 0.5555555555555556, 0.8888888888888888, 0.5555555555555556, 0.5555555555555556, 1.0, 0.7777777777777778, 0.5555555555555556, 0.33333333333333337, 0.6666666666666667, 0.5555555555555556, 0.5555555555555556, 0.5555555555555556, 1.0, 0.6666666666666667, 0.7777777777777778, 1.0, 0.7777777777777778, 0.6666666666666667, 1.0, 0.6666666666666667, 0.4444444444444444, 0.5555555555555556, 0.5555555555555556, 1.0, 0.6666666666666667, 0.6666666666666667, 0.5555555555555556, 1.0, 0.5555555555555556, 0.7777777777777778, 1.0, 0.6666666666666667, 0.4444444444444444, 0.7777777777777778, 0.6666666666666667, 0.7777777777777778, 0.6666666666666667, 0.6666666666666667, 0.33333333333333337, 0.33333333333333337, 0.6666666666666667, 0.7777777777777778, 0.5555555555555556, 0.33333333333333337, 0.5555555555555556, 0.8888888888888888, 0.6666666666666667, 1.0, 0.5555555555555556, 0.33333333333333337, 1.0, 0.5555555555555556, 0.33333333333333337, 0.7777777777777778, 0.7777777777777778, 0.5555555555555556, 0.6666666666666667, 0.7777777777777778, 0.7777777777777778, 0.7777777777777778, 0.8888888888888888, 0.7777777777777778, 0.6666666666666667, 0.6666666666666667, 0.33333333333333337, 0.6666666666666667, 0.6666666666666667, 0.7777777777777778, 0.5555555555555556, 0.5555555555555556, 0.5555555555555556, 0.6666666666666667, 0.7777777777777778, 0.7777777777777778, 0.33333333333333337, 0.5555555555555556, 0.5555555555555556, 1.0, 0.4444444444444444, 1.0, 0.7777777777777778, 0.7777777777777778, 0.33333333333333337, 0.5555555555555556, 0.5555555555555556, 0.6666666666666667, 0.7777777777777778, 0.6666666666666667, 0.33333333333333337, 0.6666666666666667, 0.6666666666666667, 0.4444444444444444, 0.5555555555555556, 0.5555555555555556, 0.33333333333333337, 0.7777777777777778, 0.6666666666666667, 0.6666666666666667, 0.7777777777777778, 1.0, 0.5555555555555556, 0.5555555555555556, 0.7777777777777778, 0.7777777777777778, 0.33333333333333337, 0.4444444444444444, 0.7777777777777778, 0.33333333333333337, 0.5555555555555556, 1.0, 0.33333333333333337, 0.33333333333333337, 0.7777777777777778, 0.33333333333333337, 1.0, 0.7777777777777778, 0.5555555555555556, 0.8888888888888888, 0.7777777777777778, 0.7777777777777778, 1.0, 0.6666666666666667, 0.6666666666666667, 0.7777777777777778, 0.7777777777777778, 0.5555555555555556, 0.8888888888888888, 0.8888888888888888, 0.8888888888888888, 0.7777777777777778, 0.5555555555555556, 0.7777777777777778, 0.5555555555555556, 0.6666666666666667, 0.7777777777777778, 0.7777777777777778, 0.6666666666666667, 0.33333333333333337, 0.7777777777777778, 0.6666666666666667, 0.33333333333333337, 1.0, 0.5555555555555556, 0.5555555555555556, 0.4444444444444444, 0.6666666666666667, 0.5555555555555556, 0.5555555555555556, 1.0, 0.7777777777777778, 0.7777777777777778, 0.7777777777777778, 1.0, 1.0, 0.7777777777777778, 1.0, 1.0, 0.33333333333333337, 0.6666666666666667, 0.7777777777777778, 0.7777777777777778, 0.5555555555555556, 0.5555555555555556, 0.5555555555555556, 0.7777777777777778, 0.7777777777777778, 0.7777777777777778, 1.0, 0.7777777777777778, 0.7777777777777778, 0.7777777777777778, 0.5555555555555556, 0.33333333333333337, 0.5555555555555556, 0.6666666666666667, 0.6666666666666667, 0.5555555555555556, 0.5555555555555556, 0.6666666666666667, 0.7777777777777778, 0.5555555555555556, 0.33333333333333337, 0.5555555555555556, 1.0, 0.7777777777777778, 0.7777777777777778, 1.0, 0.7777777777777778, 0.7777777777777778, 0.33333333333333337, 0.5555555555555556, 0.7777777777777778, 0.6666666666666667, 1.0, 0.6666666666666667, 0.4444444444444444, 1.0, 0.33333333333333337, 0.8888888888888888, 0.8888888888888888, 1.0, 0.6666666666666667, 0.6666666666666667, 0.5555555555555556, 0.6666666666666667, 0.7777777777777778, 0.7777777777777778, 0.5555555555555556, 0.7777777777777778, 0.7777777777777778, 0.5555555555555556, 0.4444444444444444, 0.7777777777777778, 0.7777777777777778, 0.8888888888888888, 0.7777777777777778, 0.33333333333333337, 0.7777777777777778, 0.4444444444444444, 0.7777777777777778, 0.5555555555555556, 0.5555555555555556, 1.0, 0.5555555555555556, 0.5555555555555556, 0.5555555555555556, 1.0, 0.6666666666666667, 0.5555555555555556, 0.5555555555555556, 0.7777777777777778, 0.5555555555555556, 0.5555555555555556, 0.5555555555555556, 0.7777777777777778, 0.6666666666666667, 0.7777777777777778, 0.5555555555555556, 1.0, 0.7777777777777778, 0.6666666666666667, 0.6666666666666667, 0.6666666666666667, 0.7777777777777778, 0.5555555555555556, 0.5555555555555556, 0.8888888888888888, 0.5555555555555556, 0.7777777777777778, 0.6666666666666667, 0.6666666666666667, 0.5555555555555556, 0.5555555555555556, 0.8888888888888888, 1.0, 0.5555555555555556, 0.7777777777777778, 1.0, 0.7777777777777778, 0.5555555555555556, 0.5555555555555556, 0.6666666666666667, 0.7777777777777778, 0.8888888888888888, 0.7777777777777778, 0.33333333333333337, 0.4444444444444444, 0.6666666666666667, 0.33333333333333337, 0.5555555555555556, 0.4444444444444444, 1.0, 0.7777777777777778, 0.33333333333333337, 0.5555555555555556, 0.6666666666666667, 0.7777777777777778, 0.5555555555555556, 0.33333333333333337, 0.5555555555555556, 1.0, 1.0, 0.8888888888888888, 0.5555555555555556, 0.7777777777777778, 0.6666666666666667, 0.7777777777777778, 0.7777777777777778, 0.5555555555555556, 0.6666666666666667, 0.7777777777777778, 0.5555555555555556, 0.7777777777777778, 0.33333333333333337, 0.5555555555555556, 0.7777777777777778, 0.5555555555555556, 0.7777777777777778, 1.0, 0.5555555555555556, 0.4444444444444444, 0.8888888888888888, 0.7777777777777778, 0.7777777777777778, 0.7777777777777778, 0.7777777777777778, 0.5555555555555556, 0.6666666666666667, 0.7777777777777778, 0.5555555555555556, 0.6666666666666667, 0.7777777777777778, 0.5555555555555556, 0.5555555555555556, 0.7777777777777778, 0.33333333333333337, 0.6666666666666667, 0.7777777777777778, 0.5555555555555556, 0.4444444444444444, 0.7777777777777778, 0.6666666666666667, 0.7777777777777778, 0.6666666666666667, 0.33333333333333337, 0.7777777777777778, 0.33333333333333337, 0.5555555555555556, 0.6666666666666667, 1.0, 0.33333333333333337, 0.8888888888888888, 0.5555555555555556, 0.4444444444444444, 0.5555555555555556, 0.5555555555555556, 0.7777777777777778, 0.33333333333333337, 0.5555555555555556, 0.6666666666666667, 0.7777777777777778, 1.0, 0.5555555555555556, 0.6666666666666667, 0.5555555555555556, 0.5555555555555556, 0.7777777777777778, 0.0]
[0.8888888888888888, 0.4444444444444444, 0.7777777777777778, 0.5555555555555556, 0.5555555555555556, 0.6666666666666667, 0.5555555555555556, 0.33333333333333337, 0.33333333333333337, 0.33333333333333337, 1.0, 0.7777777777777778, 0.5555555555555556, 0.7777777777777778, 0.33333333333333337, 0.5555555555555556, 0.7777777777777778, 0.7777777777777778, 0.5555555555555556, 0.7777777777777778, 1.0, 0.6666666666666667, 0.4444444444444444, 1.0, 0.4444444444444444, 0.5555555555555556, 0.8888888888888888, 0.5555555555555556, 0.6666666666666667, 1.0, 0.33333333333333337, 0.4444444444444444, 0.7777777777777778, 0.7777777777777778, 0.5555555555555556, 0.7777777777777778, 0.5555555555555556, 1.0, 0.7777777777777778, 0.7777777777777778, 0.6666666666666667, 0.7777777777777778, 0.7777777777777778, 0.5555555555555556, 0.5555555555555556, 0.7777777777777778, 0.5555555555555556, 0.6666666666666667, 0.5555555555555556, 0.8888888888888888, 0.5555555555555556, 0.5555555555555556, 1.0, 0.7777777777777778, 0.5555555555555556, 0.33333333333333337, 0.6666666666666667, 0.5555555555555556, 0.5555555555555556, 0.5555555555555556, 1.0, 0.6666666666666667, 0.7777777777777778, 1.0, 0.7777777777777778, 0.6666666666666667, 1.0, 0.6666666666666667, 0.4444444444444444, 0.5555555555555556, 0.5555555555555556, 1.0, 0.6666666666666667, 0.6666666666666667, 0.5555555555555556, 1.0, 0.5555555555555556, 0.7777777777777778, 1.0, 0.6666666666666667, 0.4444444444444444, 0.7777777777777778, 0.6666666666666667, 0.7777777777777778, 0.6666666666666667, 0.6666666666666667, 0.33333333333333337, 0.33333333333333337, 0.6666666666666667, 0.7777777777777778, 0.5555555555555556, 0.33333333333333337, 0.5555555555555556, 0.8888888888888888, 0.6666666666666667, 1.0, 0.5555555555555556, 0.33333333333333337, 1.0, 0.5555555555555556, 0.33333333333333337, 0.7777777777777778, 0.7777777777777778, 0.5555555555555556, 0.6666666666666667, 0.7777777777777778, 0.7777777777777778, 0.7777777777777778, 0.8888888888888888, 0.7777777777777778, 0.6666666666666667, 0.6666666666666667, 0.33333333333333337, 0.6666666666666667, 0.6666666666666667, 0.7777777777777778, 0.5555555555555556, 0.5555555555555556, 0.5555555555555556, 0.6666666666666667, 0.7777777777777778, 0.7777777777777778, 0.33333333333333337, 0.5555555555555556, 0.5555555555555556, 1.0, 0.4444444444444444, 1.0, 0.7777777777777778, 0.7777777777777778, 0.33333333333333337, 0.5555555555555556, 0.5555555555555556, 0.6666666666666667, 0.7777777777777778, 0.6666666666666667, 0.33333333333333337, 0.6666666666666667, 0.6666666666666667, 0.4444444444444444, 0.5555555555555556, 0.5555555555555556, 0.33333333333333337, 0.7777777777777778, 0.6666666666666667, 0.6666666666666667, 0.7777777777777778, 1.0, 0.5555555555555556, 0.5555555555555556, 0.7777777777777778, 0.7777777777777778, 0.33333333333333337, 0.4444444444444444, 0.7777777777777778, 0.33333333333333337, 0.5555555555555556, 1.0, 0.33333333333333337, 0.33333333333333337, 0.7777777777777778, 0.33333333333333337, 1.0, 0.7777777777777778, 0.5555555555555556, 0.8888888888888888, 0.7777777777777778, 0.7777777777777778, 1.0, 0.6666666666666667, 0.6666666666666667, 0.7777777777777778, 0.7777777777777778, 0.5555555555555556, 0.8888888888888888, 0.8888888888888888, 0.8888888888888888, 0.7777777777777778, 0.5555555555555556, 0.7777777777777778, 0.5555555555555556, 0.6666666666666667, 0.7777777777777778, 0.7777777777777778, 0.6666666666666667, 0.33333333333333337, 0.7777777777777778, 0.6666666666666667, 0.33333333333333337, 1.0, 0.5555555555555556, 0.5555555555555556, 0.4444444444444444, 0.6666666666666667, 0.5555555555555556, 0.5555555555555556, 1.0, 0.7777777777777778, 0.7777777777777778, 0.7777777777777778, 1.0, 1.0, 0.7777777777777778, 1.0, 1.0, 0.33333333333333337, 0.6666666666666667, 0.7777777777777778, 0.7777777777777778, 0.5555555555555556, 0.5555555555555556, 0.5555555555555556, 0.7777777777777778, 0.7777777777777778, 0.7777777777777778, 1.0, 0.7777777777777778, 0.7777777777777778, 0.7777777777777778, 0.5555555555555556, 0.33333333333333337, 0.5555555555555556, 0.6666666666666667, 0.6666666666666667, 0.5555555555555556, 0.5555555555555556, 0.6666666666666667, 0.7777777777777778, 0.5555555555555556, 0.33333333333333337, 0.5555555555555556, 1.0, 0.7777777777777778, 0.7777777777777778, 1.0, 0.7777777777777778, 0.7777777777777778, 0.33333333333333337, 0.5555555555555556, 0.7777777777777778, 0.6666666666666667, 1.0, 0.6666666666666667, 0.4444444444444444, 1.0, 0.33333333333333337, 0.8888888888888888, 0.8888888888888888, 1.0, 0.6666666666666667, 0.6666666666666667, 0.5555555555555556, 0.6666666666666667, 0.7777777777777778, 0.7777777777777778, 0.5555555555555556, 0.7777777777777778, 0.7777777777777778, 0.5555555555555556, 0.4444444444444444, 0.7777777777777778, 0.7777777777777778, 0.8888888888888888, 0.7777777777777778, 0.33333333333333337, 0.7777777777777778, 0.4444444444444444, 0.7777777777777778, 0.5555555555555556, 0.5555555555555556, 1.0, 0.5555555555555556, 0.5555555555555556, 0.5555555555555556, 1.0, 0.6666666666666667, 0.5555555555555556, 0.5555555555555556, 0.7777777777777778, 0.5555555555555556, 0.5555555555555556, 0.5555555555555556, 0.7777777777777778, 0.6666666666666667, 0.7777777777777778, 0.5555555555555556, 1.0, 0.7777777777777778, 0.6666666666666667, 0.6666666666666667, 0.6666666666666667, 0.7777777777777778, 0.5555555555555556, 0.5555555555555556, 0.8888888888888888, 0.5555555555555556, 0.7777777777777778, 0.6666666666666667, 0.6666666666666667, 0.5555555555555556, 0.5555555555555556, 0.8888888888888888, 1.0, 0.5555555555555556, 0.7777777777777778, 1.0, 0.7777777777777778, 0.5555555555555556, 0.5555555555555556, 0.6666666666666667, 0.7777777777777778, 0.8888888888888888, 0.7777777777777778, 0.33333333333333337, 0.4444444444444444, 0.6666666666666667, 0.33333333333333337, 0.5555555555555556, 0.4444444444444444, 1.0, 0.7777777777777778, 0.33333333333333337, 0.5555555555555556, 0.6666666666666667, 0.7777777777777778, 0.5555555555555556, 0.33333333333333337, 0.5555555555555556, 1.0, 1.0, 0.8888888888888888, 0.5555555555555556, 0.7777777777777778, 0.6666666666666667, 0.7777777777777778, 0.7777777777777778, 0.5555555555555556, 0.6666666666666667, 0.7777777777777778, 0.5555555555555556, 0.7777777777777778, 0.33333333333333337, 0.5555555555555556, 0.7777777777777778, 0.5555555555555556, 0.7777777777777778, 1.0, 0.5555555555555556, 0.4444444444444444, 0.8888888888888888, 0.7777777777777778, 0.7777777777777778, 0.7777777777777778, 0.7777777777777778, 0.5555555555555556, 0.6666666666666667, 0.7777777777777778, 0.5555555555555556, 0.6666666666666667, 0.7777777777777778, 0.5555555555555556, 0.5555555555555556, 0.7777777777777778, 0.33333333333333337, 0.6666666666666667, 0.7777777777777778, 0.5555555555555556, 0.4444444444444444, 0.7777777777777778, 0.6666666666666667, 0.7777777777777778, 0.6666666666666667, 0.33333333333333337, 0.7777777777777778, 0.33333333333333337, 0.5555555555555556, 0.6666666666666667, 1.0, 0.33333333333333337, 0.8888888888888888, 0.5555555555555556, 0.4444444444444444, 0.5555555555555556, 0.5555555555555556, 0.7777777777777778, 0.33333333333333337, 0.5555555555555556, 0.6666666666666667, 0.7777777777777778, 1.0, 0.5555555555555556, 0.6666666666666667, 0.5555555555555556, 0.5555555555555556, 0.7777777777777778, 0.0]
[0.8888888888888888, 0.4444444444444444, 0.7777777777777778, 0.5555555555555556, 0.5555555555555556, 0.6666666666666667, 0.5555555555555556, 0.33333333333333337, 0.33333333333333337, 0.33333333333333337, 1.0, 0.7777777777777778, 0.5555555555555556, 0.7777777777777778, 0.33333333333333337, 0.5555555555555556, 0.7777777777777778, 0.7777777777777778, 0.5555555555555556, 0.7777777777777778, 1.0, 0.6666666666666667, 0.4444444444444444, 1.0, 0.4444444444444444, 0.5555555555555556, 0.8888888888888888, 0.5555555555555556, 0.6666666666666667, 1.0, 0.33333333333333337, 0.4444444444444444, 0.7777777777777778, 0.7777777777777778, 0.5555555555555556, 0.7777777777777778, 0.5555555555555556, 1.0, 0.7777777777777778, 0.7777777777777778, 0.6666666666666667, 0.7777777777777778, 0.7777777777777778, 0.5555555555555556, 0.5555555555555556, 0.7777777777777778, 0.5555555555555556, 0.6666666666666667, 0.5555555555555556, 0.8888888888888888, 0.5555555555555556, 0.5555555555555556, 1.0, 0.7777777777777778, 0.5555555555555556, 0.33333333333333337, 0.6666666666666667, 0.5555555555555556, 0.5555555555555556, 0.5555555555555556, 1.0, 0.6666666666666667, 0.7777777777777778, 1.0, 0.7777777777777778, 0.6666666666666667, 1.0, 0.6666666666666667, 0.4444444444444444, 0.5555555555555556, 0.5555555555555556, 1.0, 0.6666666666666667, 0.6666666666666667, 0.5555555555555556, 1.0, 0.5555555555555556, 0.7777777777777778, 1.0, 0.6666666666666667, 0.4444444444444444, 0.7777777777777778, 0.6666666666666667, 0.7777777777777778, 0.6666666666666667, 0.6666666666666667, 0.33333333333333337, 0.33333333333333337, 0.6666666666666667, 0.7777777777777778, 0.5555555555555556, 0.33333333333333337, 0.5555555555555556, 0.8888888888888888, 0.6666666666666667, 1.0, 0.5555555555555556, 0.33333333333333337, 1.0, 0.5555555555555556, 0.33333333333333337, 0.7777777777777778, 0.7777777777777778, 0.5555555555555556, 0.6666666666666667, 0.7777777777777778, 0.7777777777777778, 0.7777777777777778, 0.8888888888888888, 0.7777777777777778, 0.6666666666666667, 0.6666666666666667, 0.33333333333333337, 0.6666666666666667, 0.6666666666666667, 0.7777777777777778, 0.5555555555555556, 0.5555555555555556, 0.5555555555555556, 0.6666666666666667, 0.7777777777777778, 0.7777777777777778, 0.33333333333333337, 0.5555555555555556, 0.5555555555555556, 1.0, 0.4444444444444444, 1.0, 0.7777777777777778, 0.7777777777777778, 0.33333333333333337, 0.5555555555555556, 0.5555555555555556, 0.6666666666666667, 0.7777777777777778, 0.6666666666666667, 0.33333333333333337, 0.6666666666666667, 0.6666666666666667, 0.4444444444444444, 0.5555555555555556, 0.5555555555555556, 0.33333333333333337, 0.7777777777777778, 0.6666666666666667, 0.6666666666666667, 0.7777777777777778, 1.0, 0.5555555555555556, 0.5555555555555556, 0.7777777777777778, 0.7777777777777778, 0.33333333333333337, 0.4444444444444444, 0.7777777777777778, 0.33333333333333337, 0.5555555555555556, 1.0, 0.33333333333333337, 0.33333333333333337, 0.7777777777777778, 0.33333333333333337, 1.0, 0.7777777777777778, 0.5555555555555556, 0.8888888888888888, 0.7777777777777778, 0.7777777777777778, 1.0, 0.6666666666666667, 0.6666666666666667, 0.7777777777777778, 0.7777777777777778, 0.5555555555555556, 0.8888888888888888, 0.8888888888888888, 0.8888888888888888, 0.7777777777777778, 0.5555555555555556, 0.7777777777777778, 0.5555555555555556, 0.6666666666666667, 0.7777777777777778, 0.7777777777777778, 0.6666666666666667, 0.33333333333333337, 0.7777777777777778, 0.6666666666666667, 0.33333333333333337, 1.0, 0.5555555555555556, 0.5555555555555556, 0.4444444444444444, 0.6666666666666667, 0.5555555555555556, 0.5555555555555556, 1.0, 0.7777777777777778, 0.7777777777777778, 0.7777777777777778, 1.0, 1.0, 0.7777777777777778, 1.0, 1.0, 0.33333333333333337, 0.6666666666666667, 0.7777777777777778, 0.7777777777777778, 0.5555555555555556, 0.5555555555555556, 0.5555555555555556, 0.7777777777777778, 0.7777777777777778, 0.7777777777777778, 1.0, 0.7777777777777778, 0.7777777777777778, 0.7777777777777778, 0.5555555555555556, 0.33333333333333337, 0.5555555555555556, 0.6666666666666667, 0.6666666666666667, 0.5555555555555556, 0.5555555555555556, 0.6666666666666667, 0.7777777777777778, 0.5555555555555556, 0.33333333333333337, 0.5555555555555556, 1.0, 0.7777777777777778, 0.7777777777777778, 1.0, 0.7777777777777778, 0.7777777777777778, 0.33333333333333337, 0.5555555555555556, 0.7777777777777778, 0.6666666666666667, 1.0, 0.6666666666666667, 0.4444444444444444, 1.0, 0.33333333333333337, 0.8888888888888888, 0.8888888888888888, 1.0, 0.6666666666666667, 0.6666666666666667, 0.5555555555555556, 0.6666666666666667, 0.7777777777777778, 0.7777777777777778, 0.5555555555555556, 0.7777777777777778, 0.7777777777777778, 0.5555555555555556, 0.4444444444444444, 0.7777777777777778, 0.7777777777777778, 0.8888888888888888, 0.7777777777777778, 0.33333333333333337, 0.7777777777777778, 0.4444444444444444, 0.7777777777777778, 0.5555555555555556, 0.5555555555555556, 1.0, 0.5555555555555556, 0.5555555555555556, 0.5555555555555556, 1.0, 0.6666666666666667, 0.5555555555555556, 0.5555555555555556, 0.7777777777777778, 0.5555555555555556, 0.5555555555555556, 0.5555555555555556, 0.7777777777777778, 0.6666666666666667, 0.7777777777777778, 0.5555555555555556, 1.0, 0.7777777777777778, 0.6666666666666667, 0.6666666666666667, 0.6666666666666667, 0.7777777777777778, 0.5555555555555556, 0.5555555555555556, 0.8888888888888888, 0.5555555555555556, 0.7777777777777778, 0.6666666666666667, 0.6666666666666667, 0.5555555555555556, 0.5555555555555556, 0.8888888888888888, 1.0, 0.5555555555555556, 0.7777777777777778, 1.0, 0.7777777777777778, 0.5555555555555556, 0.5555555555555556, 0.6666666666666667, 0.7777777777777778, 0.8888888888888888, 0.7777777777777778, 0.33333333333333337, 0.4444444444444444, 0.6666666666666667, 0.33333333333333337, 0.5555555555555556, 0.4444444444444444, 1.0, 0.7777777777777778, 0.33333333333333337, 0.5555555555555556, 0.6666666666666667, 0.7777777777777778, 0.5555555555555556, 0.33333333333333337, 0.5555555555555556, 1.0, 1.0, 0.8888888888888888, 0.5555555555555556, 0.7777777777777778, 0.6666666666666667, 0.7777777777777778, 0.7777777777777778, 0.5555555555555556, 0.6666666666666667, 0.7777777777777778, 0.5555555555555556, 0.7777777777777778, 0.33333333333333337, 0.5555555555555556, 0.7777777777777778, 0.5555555555555556, 0.7777777777777778, 1.0, 0.5555555555555556, 0.4444444444444444, 0.8888888888888888, 0.7777777777777778, 0.7777777777777778, 0.7777777777777778, 0.7777777777777778, 0.5555555555555556, 0.6666666666666667, 0.7777777777777778, 0.5555555555555556, 0.6666666666666667, 0.7777777777777778, 0.5555555555555556, 0.5555555555555556, 0.7777777777777778, 0.33333333333333337, 0.6666666666666667, 0.7777777777777778, 0.5555555555555556, 0.4444444444444444, 0.7777777777777778, 0.6666666666666667, 0.7777777777777778, 0.6666666666666667, 0.33333333333333337, 0.7777777777777778, 0.33333333333333337, 0.5555555555555556, 0.6666666666666667, 1.0, 0.33333333333333337, 0.8888888888888888, 0.5555555555555556, 0.4444444444444444, 0.5555555555555556, 0.5555555555555556, 0.7777777777777778, 0.33333333333333337, 0.5555555555555556, 0.6666666666666667, 0.7777777777777778, 1.0, 0.5555555555555556, 0.6666666666666667, 0.5555555555555556, 0.5555555555555556, 0.7777777777777778, 0.0]
[0.5, 0.38888888888888884, 0.5555555555555556, 0.38888888888888884, 0.5, 0.7222222222222222, 0.4444444444444444, 0.5555555555555556, 0.4444444444444444, 0.5555555555555556, 0.4444444444444444, 0.38888888888888884, 0.9444444444444444, 0.6111111111111112, 0.6666666666666667, 0.7777777777777778, 0.5, 0.4444444444444444, 0.4444444444444444, 0.5, 0.5833333333333333, 0.6111111111111112, 0.4444444444444444, 0.5833333333333333, 0.8888888888888888, 0.5555555555555556, 0.6111111111111112, 0.7777777777777778, 0.7222222222222222, 0.4444444444444444, 0.4444444444444444, 0.4444444444444444, 0.5, 0.6666666666666667, 0.5, 0.7222222222222222, 0.6111111111111112, 0.5555555555555556, 0.4444444444444444, 0.7777777777777778, 0.6666666666666667, 0.7777777777777778, 0.38888888888888884, 0.5, 0.4444444444444444, 0.38888888888888884, 0.7777777777777778, 0.7222222222222222, 0.7222222222222222, 0.6666666666666667, 0.7222222222222222, 0.4444444444444444, 0.6111111111111112]
[1.0, 1.0, 1.0, 1.0, 1.0, 1.0, 1.0, 1.0, 1.0, 1.0, 1.0, 1.0, 1.0, 1.0, 1.0, 1.0, 1.0, 1.0, 1.0, 1.0, 1.0, 1.0, 1.0, 1.0, 1.0, 1.0, 1.0, 1.0, 1.0, 1.0, 1.0, 1.0, 1.0, 1.0, 1.0, 1.0, 1.0, 1.0, 1.0, 1.0, 1.0, 1.0, 1.0, 1.0, 1.0, 1.0, 1.0, 1.0, 1.0, 1.0, 1.0, 0.0]
[0.5, 0.5, 0.5, 0.5, 0.5, 1.0, 0.5, 0.5, 0.5, 0.5, 0.5, 0.5, 0.5, 1.0, 1.0, 1.0, 0.5, 0.5, 0.5, 0.5, 1.0, 1.0, 0.5, 1.0, 0.5, 1.0, 1.0, 1.0, 0.5, 0.5, 0.5, 0.5, 1.0, 0.5, 1.0, 1.0, 0.5, 0.5, 1.0, 1.0, 1.0, 0.5, 0.5, 0.5, 0.5, 1.0, 1.0, 1.0, 1.0, 1.0, 0.5, 0.0]
[0.4444444444444444, 0.4444444444444444, 0.4444444444444444, 0.4444444444444444, 0.4444444444444444, 0.8888888888888888, 0.4444444444444444, 0.4444444444444444, 0.5555555555555556, 0.4444444444444444, 0.4444444444444444, 0.4444444444444444, 0.4444444444444444, 0.8888888888888888, 1.0, 0.8888888888888888, 0.4444444444444444, 0.4444444444444444, 0.4444444444444444, 0.4444444444444444, 0.8888888888888888, 0.7777777777777778, 0.4444444444444444, 0.8888888888888888, 0.4444444444444444, 0.8888888888888888, 0.7777777777777778, 1.0, 0.4444444444444444, 0.4444444444444444, 0.4444444444444444, 0.4444444444444444, 0.8888888888888888, 0.33333333333333337, 0.8888888888888888, 0.8888888888888888, 0.4444444444444444, 0.5555555555555556, 0.8888888888888888, 0.7777777777777778, 0.7777777777777778, 0.4444444444444444, 0.4444444444444444, 0.4444444444444444, 0.4444444444444444, 0.8888888888888888, 0.8888888888888888, 0.8888888888888888, 0.8888888888888888, 0.8888888888888888, 0.4444444444444444, 0.0]
[0.4375, 0.4375, 0.4375, 0.4375, 0.4375, 0.8125, 0.4375, 0.4375, 0.5, 0.4375, 0.4375, 0.4375, 0.4375, 0.8125, 0.875, 0.8125, 0.4375, 0.4375, 0.4375, 0.4375, 0.8125, 0.75, 0.4375, 0.8125, 0.4375, 0.8125, 0.75, 0.875, 0.4375, 0.4375, 0.4375, 0.4375, 0.8125, 0.5, 0.8125, 0.8125, 0.4375, 0.5, 0.8125, 0.75, 0.75, 0.4375, 0.4375, 0.4375, 0.4375, 0.8125, 0.8125, 0.8125, 0.8125, 0.8125, 0.4375, 0.0]
[0.43999999999999995, 0.31999999999999995, 0.48, 0.43999999999999995, 0.4, 0.88, 0.48, 0.31999999999999995, 0.4, 0.48, 0.31999999999999995, 0.4, 0.56, 0.88, 0.92, 0.64, 0.31999999999999995, 0.4, 0.43999999999999995, 0.43999999999999995, 0.88, 0.6, 0.31999999999999995, 0.88, 0.56, 0.88, 0.76, 0.92, 0.48, 0.43999999999999995, 0.31999999999999995, 0.43999999999999995, 0.64, 0.52, 0.88, 0.76, 0.31999999999999995, 0.4, 0.8, 0.84, 0.6, 0.4, 0.31999999999999995, 0.31999999999999995, 0.31999999999999995, 0.88, 0.72, 0.88, 0.88, 0.64, 0.31999999999999995, 0.48]
[0.4444444444444444, 0.36111111111111116, 0.5, 0.38888888888888884, 0.36111111111111116, 0.8055555555555556, 0.4722222222222222, 0.33333333333333337, 0.41666666666666663, 0.4444444444444444, 0.41666666666666663, 0.41666666666666663, 0.5555555555555556, 0.8611111111111112, 0.8333333333333334, 0.5833333333333333, 0.36111111111111116, 0.41666666666666663, 0.4444444444444444, 0.4444444444444444, 0.75, 0.6111111111111112, 0.33333333333333337, 0.75, 0.6388888888888888, 0.8611111111111112, 0.6388888888888888, 0.8888888888888888, 0.5277777777777778, 0.4444444444444444, 0.33333333333333337, 0.4444444444444444, 0.6388888888888888, 0.6111111111111112, 0.8333333333333334, 0.7222222222222222, 0.3055555555555556, 0.41666666666666663, 0.6944444444444444, 0.7777777777777778, 0.6388888888888888, 0.4722222222222222, 0.33333333333333337, 0.41666666666666663, 0.3055555555555556, 0.75, 0.6388888888888888, 0.8333333333333334, 0.7777777777777778, 0.6944444444444444, 0.38888888888888884, 0.6111111111111112]
[0.44897959183673475, 0.36734693877551017, 0.4693877551020408, 0.4285714285714286, 0.40816326530612246, 0.7755102040816326, 0.4897959183673469, 0.3877551020408163, 0.40816326530612246, 0.4285714285714286, 0.44897959183673475, 0.3877551020408163, 0.5510204081632653, 0.8571428571428572, 0.7959183673469388, 0.5306122448979591, 0.40816326530612246, 0.40816326530612246, 0.4693877551020408, 0.44897959183673475, 0.7142857142857143, 0.5918367346938775, 0.34693877551020413, 0.7346938775510203, 0.6326530612244898, 0.8163265306122449, 0.653061224489796, 0.8775510204081632, 0.4897959183673469, 0.44897959183673475, 0.34693877551020413, 0.44897959183673475, 0.6122448979591837, 0.6122448979591837, 0.8163265306122449, 0.6938775510204082, 0.326530612244898, 0.4285714285714286, 0.6938775510204082, 0.7959183673469388, 0.653061224489796, 0.4897959183673469, 0.34693877551020413, 0.40816326530612246, 0.326530612244898, 0.7346938775510203, 0.6122448979591837, 0.8367346938775511, 0.7551020408163265, 0.653061224489796, 0.3877551020408163, 0.5918367346938775]
[0.453125, 0.328125, 0.46875, 0.46875, 0.40625, 0.765625, 0.515625, 0.40625, 0.40625, 0.40625, 0.4375, 0.390625, 0.53125, 0.734375, 0.75, 0.609375, 0.359375, 0.375, 0.484375, 0.453125, 0.75, 0.65625, 0.34375, 0.765625, 0.59375, 0.8125, 0.671875, 0.84375, 0.484375, 0.453125, 0.359375, 0.453125, 0.671875, 0.546875, 0.734375, 0.671875, 0.359375, 0.4375, 0.609375, 0.75, 0.625, 0.421875, 0.421875, 0.359375, 0.34375, 0.734375, 0.546875, 0.8125, 0.75, 0.703125, 0.359375, 0.625]
[0.45679012345679015, 0.2962962962962963, 0.40740740740740744, 0.49382716049382713, 0.40740740740740744, 0.7654320987654322, 0.4444444444444444, 0.345679012345679, 0.3580246913580247, 0.37037037037037035, 0.4320987654320988, 0.37037037037037035, 0.6049382716049383, 0.7160493827160495, 0.7777777777777778, 0.6666666666666667, 0.345679012345679, 0.45679012345679015, 0.5185185185185186, 0.45679012345679015, 0.7530864197530864, 0.6049382716049383, 0.308641975308642, 0.7901234567901234, 0.5802469135802469, 0.8024691358024691, 0.654320987654321, 0.8395061728395061, 0.41975308641975306, 0.3950617283950617, 0.37037037037037035, 0.3950617283950617, 0.5925925925925926, 0.49382716049382713, 0.7654320987654322, 0.654320987654321, 0.32098765432098764, 0.41975308641975306, 0.6419753086419753, 0.7777777777777778, 0.654320987654321, 0.41975308641975306, 0.3950617283950617, 0.32098765432098764, 0.40740740740740744, 0.7530864197530864, 0.5185185185185186, 0.7654320987654322, 0.7530864197530864, 0.617283950617284, 0.3950617283950617, 0.5555555555555556]
[0.48, 0.31000000000000005, 0.43999999999999995, 0.51, 0.45999999999999996, 0.75, 0.43000000000000005, 0.36, 0.36, 0.41000000000000003, 0.43999999999999995, 0.43000000000000005, 0.56, 0.65, 0.78, 0.65, 0.35, 0.5, 0.49, 0.48, 0.74, 0.6, 0.36, 0.73, 0.54, 0.74, 0.62, 0.75, 0.44999999999999996, 0.42000000000000004, 0.41000000000000003, 0.43000000000000005, 0.5900000000000001, 0.49, 0.71, 0.64, 0.31000000000000005, 0.43000000000000005, 0.61, 0.72, 0.62, 0.44999999999999996, 0.39, 0.31000000000000005, 0.43999999999999995, 0.6799999999999999, 0.49, 0.71, 0.7, 0.63, 0.42000000000000004, 0.6599999999999999]
[0.5123966942148761, 0.3305785123966942, 0.4380165289256198, 0.5454545454545454, 0.4380165289256198, 0.6942148760330579, 0.44628099173553715, 0.4049586776859504, 0.4132231404958677, 0.4297520661157025, 0.4545454545454546, 0.42148760330578516, 0.5206611570247934, 0.6115702479338843, 0.71900826446281, 0.6611570247933884, 0.3553719008264463, 0.487603305785124, 0.5123966942148761, 0.5041322314049587, 0.6859504132231404, 0.5702479338842975, 0.38842975206611574, 0.6776859504132231, 0.5041322314049587, 0.6859504132231404, 0.5702479338842975, 0.7107438016528926, 0.4628099173553719, 0.4628099173553719, 0.4297520661157025, 0.4628099173553719, 0.5454545454545454, 0.47933884297520657, 0.6776859504132231, 0.6033057851239669, 0.31404958677685946, 0.4380165289256198, 0.578512396694215, 0.6859504132231404, 0.5867768595041323, 0.47933884297520657, 0.38842975206611574, 0.3471074380165289, 0.47107438016528924, 0.6528925619834711, 0.47933884297520657, 0.7024793388429752, 0.6859504132231404, 0.5867768595041323, 0.4545454545454546, 0.6198347107438016]
[0.5486111111111112, 0.39583333333333337, 0.38888888888888884, 0.48611111111111116, 0.4722222222222222, 0.6180555555555556, 0.42361111111111116, 0.4444444444444444, 0.47916666666666663, 0.4027777777777778, 0.4722222222222222, 0.4722222222222222, 0.5, 0.5347222222222222, 0.6805555555555556, 0.6180555555555556, 0.3472222222222222, 0.5069444444444444, 0.47916666666666663, 0.5277777777777778, 0.6180555555555556, 0.5277777777777778, 0.39583333333333337, 0.6736111111111112, 0.5, 0.6527777777777778, 0.5416666666666667, 0.6875, 0.5069444444444444, 0.5069444444444444, 0.47916666666666663, 0.4444444444444444, 0.5069444444444444, 0.5069444444444444, 0.6875, 0.6041666666666667, 0.39583333333333337, 0.4444444444444444, 0.6319444444444444, 0.6527777777777778, 0.5833333333333333, 0.4930555555555556, 0.3472222222222222, 0.39583333333333337, 0.48611111111111116, 0.6111111111111112, 0.4652777777777778, 0.6666666666666667, 0.6805555555555556, 0.5277777777777778, 0.5, 0.5]
[0.5486111111111112, 0.39583333333333337, 0.38888888888888884, 0.48611111111111116, 0.4722222222222222, 0.6180555555555556, 0.42361111111111116, 0.4444444444444444, 0.47916666666666663, 0.4027777777777778, 0.4722222222222222, 0.4722222222222222, 0.5, 0.5347222222222222, 0.6805555555555556, 0.6180555555555556, 0.3472222222222222, 0.5069444444444444, 0.47916666666666663, 0.5277777777777778, 0.6180555555555556, 0.5277777777777778, 0.39583333333333337, 0.7916666666666666, 0.6736111111111112, 0.5, 0.6527777777777778, 0.5416666666666667, 0.6875, 0.5069444444444444, 0.5069444444444444, 0.47916666666666663, 0.4444444444444444, 0.5069444444444444, 0.5069444444444444, 0.6875, 0.6041666666666667, 0.39583333333333337, 0.4444444444444444, 0.6319444444444444, 0.6527777777777778, 0.5833333333333333, 0.4930555555555556, 0.3472222222222222, 0.39583333333333337, 0.48611111111111116, 0.6111111111111112, 0.4652777777777778, 0.6666666666666667, 0.6805555555555556, 0.5277777777777778, 0.5, 0.5]
[1.0, 1.0, 1.0, 1.0, 1.0, 1.0, 1.0, 1.0, 1.0, 1.0, 1.0, 1.0, 1.0, 1.0, 1.0, 1.0, 1.0, 1.0, 1.0, 1.0, 1.0, 1.0, 1.0, 1.0, 1.0, 1.0, 1.0, 1.0, 1.0, 1.0, 1.0, 1.0, 1.0, 1.0, 1.0, 1.0, 1.0, 1.0, 1.0, 1.0, 1.0, 1.0, 1.0, 1.0, 1.0, 1.0, 1.0, 1.0, 1.0, 1.0, 1.0, 0.0]
[0.5, 0.5, 0.5, 0.5, 1.0, 1.0, 0.5, 0.5, 0.5, 0.5, 0.5, 0.75, 1.0, 1.0, 1.0, 1.0, 0.5, 0.5, 0.5, 0.5, 1.0, 1.0, 0.5, 1.0, 0.5, 1.0, 1.0, 1.0, 0.5, 0.5, 0.5, 0.5, 1.0, 0.5, 1.0, 1.0, 0.5, 0.5, 1.0, 1.0, 1.0, 0.5, 0.5, 0.5, 0.5, 1.0, 1.0, 1.0, 1.0, 1.0, 0.5, 0.0]
[0.5, 0.5, 0.5, 0.5, 1.0, 1.0, 0.5, 0.5, 0.5, 0.5, 0.5, 0.75, 1.0, 1.0, 1.0, 1.0, 0.5, 0.5, 0.5, 0.5, 1.0, 1.0, 0.5, 0.75, 1.0, 0.5, 1.0, 1.0, 1.0, 0.5, 0.5, 0.5, 0.5, 1.0, 0.5, 1.0, 1.0, 0.5, 0.5, 1.0, 1.0, 1.0, 0.5, 0.5, 0.5, 0.5, 1.0, 1.0, 1.0, 1.0, 1.0, 0.5, 0.0]
[0.4444444444444444, 0.5555555555555556, 0.4444444444444444, 0.4444444444444444, 0.8888888888888888, 1.0, 0.4444444444444444, 0.5555555555555556, 0.4444444444444444, 0.4444444444444444, 0.4444444444444444, 0.6666666666666667, 1.0, 0.7777777777777778, 0.8888888888888888, 0.7777777777777778, 0.4444444444444444, 0.5555555555555556, 0.4444444444444444, 0.4444444444444444, 1.0, 0.7777777777777778, 0.4444444444444444, 0.6666666666666667, 0.8888888888888888, 0.33333333333333337, 0.8888888888888888, 0.8888888888888888, 1.0, 0.33333333333333337, 0.4444444444444444, 0.4444444444444444, 0.4444444444444444, 0.7777777777777778, 0.33333333333333337, 1.0, 0.8888888888888888, 0.5555555555555556, 0.4444444444444444, 0.8888888888888888, 0.8888888888888888, 0.8888888888888888, 0.33333333333333337, 0.5555555555555556, 0.4444444444444444, 0.33333333333333337, 0.7777777777777778, 0.8888888888888888, 0.8888888888888888, 0.8888888888888888, 0.7777777777777778, 0.4444444444444444, 0.0]
[0.4375, 0.375, 0.3125, 0.3125, 0.6875, 1.0, 0.3125, 0.375, 0.3125, 0.5625, 0.4375, 0.5625, 0.875, 0.625, 0.9375, 0.625, 0.3125, 0.4375, 0.4375, 0.3125, 0.75, 0.75, 0.4375, 0.625, 0.9375, 0.5, 0.9375, 0.9375, 0.875, 0.25, 0.4375, 0.4375, 0.4375, 0.75, 0.25, 0.9375, 0.8125, 0.375, 0.3125, 0.8125, 0.9375, 0.6875, 0.375, 0.5, 0.3125, 0.4375, 0.8125, 0.6875, 0.9375, 0.8125, 0.625, 0.3125, 0.0]
[0.43999999999999995, 0.31999999999999995, 0.48, 0.4, 0.56, 1.0, 0.24, 0.28, 0.28, 0.56, 0.31999999999999995, 0.56, 0.76, 0.76, 0.88, 0.6799999999999999, 0.31999999999999995, 0.31999999999999995, 0.43999999999999995, 0.4, 0.6799999999999999, 0.76, 0.43999999999999995, 0.6, 0.72, 0.6, 0.96, 0.88, 0.92, 0.28, 0.43999999999999995, 0.31999999999999995, 0.43999999999999995, 0.76, 0.19999999999999996, 0.88, 0.76, 0.36, 0.28, 0.72, 0.88, 0.8, 0.28, 0.6, 0.24, 0.48, 0.88, 0.72, 0.8, 0.76, 0.6, 0.4, 0.56]
[0.4444444444444444, 0.41666666666666663, 0.4722222222222222, 0.36111111111111116, 0.5833333333333333, 0.8333333333333334, 0.36111111111111116, 0.38888888888888884, 0.38888888888888884, 0.4722222222222222, 0.41666666666666663, 0.6388888888888888, 0.6666666666666667, 0.6111111111111112, 0.8611111111111112, 0.6111111111111112, 0.3055555555555556, 0.36111111111111116, 0.38888888888888884, 0.4444444444444444, 0.5833333333333333, 0.6666666666666667, 0.5, 0.5833333333333333, 0.5833333333333333, 0.5, 0.8055555555555556, 0.8055555555555556, 0.9444444444444444, 0.2777777777777778, 0.5, 0.36111111111111116, 0.4444444444444444, 0.6111111111111112, 0.2777777777777778, 0.75, 0.6666666666666667, 0.33333333333333337, 0.33333333333333337, 0.75, 0.8055555555555556, 0.6944444444444444, 0.38888888888888884, 0.5277777777777778, 0.3055555555555556, 0.4722222222222222, 0.75, 0.6388888888888888, 0.6944444444444444, 0.6666666666666667, 0.5277777777777778, 0.4444444444444444, 0.6111111111111112]
[0.44897959183673475, 0.36734693877551017, 0.4285714285714286, 0.3877551020408163, 0.5918367346938775, 0.7959183673469388, 0.36734693877551017, 0.36734693877551017, 0.4897959183673469, 0.5102040816326531, 0.4897959183673469, 0.5510204081632653, 0.5510204081632653, 0.6326530612244898, 0.8163265306122449, 0.5510204081632653, 0.40816326530612246, 0.4897959183673469, 0.4285714285714286, 0.40816326530612246, 0.5714285714285714, 0.6326530612244898, 0.5102040816326531, 0.5714285714285714, 0.6122448979591837, 0.5306122448979591, 0.7346938775510203, 0.7959183673469388, 0.7959183673469388, 0.26530612244897955, 0.4693877551020408, 0.34693877551020413, 0.5102040816326531, 0.5510204081632653, 0.4285714285714286, 0.7959183673469388, 0.6734693877551021, 0.34693877551020413, 0.36734693877551017, 0.6938775510204082, 0.6938775510204082, 0.653061224489796, 0.4693877551020408, 0.5714285714285714, 0.36734693877551017, 0.5306122448979591, 0.653061224489796, 0.653061224489796, 0.7142857142857143, 0.5918367346938775, 0.5102040816326531, 0.40816326530612246, 0.5918367346938775]
[0.453125, 0.484375, 0.5, 0.40625, 0.65625, 0.75, 0.453125, 0.421875, 0.484375, 0.4375, 0.484375, 0.546875, 0.578125, 0.59375, 0.671875, 0.5625, 0.453125, 0.46875, 0.421875, 0.453125, 0.609375, 0.5625, 0.53125, 0.84375, 0.609375, 0.453125, 0.703125, 0.8125, 0.6875, 0.40625, 0.484375, 0.296875, 0.515625, 0.609375, 0.4375, 0.765625, 0.640625, 0.421875, 0.359375, 0.671875, 0.640625, 0.671875, 0.5, 0.640625, 0.359375, 0.609375, 0.671875, 0.640625, 0.65625, 0.5625, 0.53125, 0.390625, 0.75]
