[114, 101, 133, 85, 137, 77, 156, 15, 108, 13, 157, 162, 26, 112, 61, 105, 60, 160, 0, 195]
[26, 119, 108, 153, 107, 32, 188, 99, 124, 15, 145, 169, 193, 100, 42, 43, 180, 131, 77, 195]
[39, 26, 47, 54, 157, 74, 145, 34, 66, 122, 152, 192, 112, 182, 177, 124, 56, 180, 59, 195]
[75, 63, 169, 68, 91, 142, 161, 50, 117, 160, 124, 42, 23, 60, 145, 81, 0, 179, 16, 195]
[99, 191, 160, 65, 164, 177, 41, 145, 44, 150, 15, 167, 168, 169, 152, 112, 22, 34, 193, 195]
[32, 188, 94, 132, 7, 33, 152, 0, 167, 173, 146, 61, 131, 75, 23, 13, 51, 105, 112, 195]
[156, 36, 48, 81, 170, 107, 42, 44, 75, 150, 172, 91, 63, 60, 74, 54, 173, 135, 32, 195]
[174, 178, 137, 133, 131, 169, 34, 161, 22, 56, 124, 10, 115, 65, 75, 138, 51, 156, 73, 195]
[60, 156, 16, 81, 103, 170, 179, 106, 145, 75, 31, 108, 172, 48, 149, 14, 122, 150, 176, 195]
[174, 63, 95, 138, 37, 10, 140, 41, 69, 107, 33, 0, 190, 73, 36, 48, 130, 112, 156, 195]
[172, 141, 149, 145, 74, 95, 26, 170, 188, 117, 93, 5, 193, 100, 99, 140, 156, 195, 153]
[14, 173, 85, 183, 41, 161, 36, 142, 145, 172, 124, 75, 74, 9, 8, 81, 103, 160, 150, 195]
[23, 105, 64, 75, 162, 21, 169, 51, 170, 152, 194, 26, 16, 95, 107, 103, 122, 132, 145, 195]
[98, 122, 35, 130, 61, 73, 28, 93, 124, 156, 149, 145, 41, 76, 153, 174, 37, 44, 187, 195]
[6, 78, 170, 73, 76, 7, 150, 168, 173, 194, 35, 64, 10, 8, 142, 72, 162, 129, 169, 195]
[91, 194, 81, 162, 14, 93, 107, 141, 65, 195, 146, 137, 54, 63, 41, 75, 0, 150, 95]
[78, 156, 0, 26, 174, 188, 100, 191, 42, 129, 190, 49, 194, 63, 36, 132, 91, 195, 14]
[54, 42, 129, 112, 18, 122, 92, 14, 173, 162, 160, 32, 106, 44, 51, 130, 95, 168, 161, 195]
[142, 65, 0, 7, 143, 174, 53, 170, 75, 63, 107, 94, 72, 36, 9, 150, 44, 195, 169]
[107, 108, 23, 28, 138, 5, 42, 66, 75, 141, 162, 172, 122, 143, 64, 149, 160, 99, 51, 195]
[91, 161, 179, 119, 168, 69, 64, 170, 73, 66, 149, 17, 150, 14, 51, 27, 16, 98, 138, 195]
[148, 117, 149, 93, 119, 26, 172, 36, 23, 7, 173, 56, 21, 122, 124, 92, 138, 160, 100, 195]
[65, 174, 10, 99, 39, 122, 68, 21, 8, 93, 27, 187, 94, 143, 66, 153, 167, 169, 78, 195]
[93, 54, 137, 142, 56, 39, 127, 195, 6, 99, 129, 81, 5, 179, 29, 49, 108, 148, 53]
[64, 23, 49, 7, 36, 66, 130, 105, 61, 21, 75, 39, 98, 8, 179, 94, 17, 153, 76, 195]
[153, 64, 124, 107, 5, 42, 39, 183, 63, 72, 168, 125, 51, 9, 140, 95, 93, 106, 154, 195]
[7, 132, 80, 26, 112, 91, 30, 54, 49, 162, 93, 172, 48, 169, 154, 8, 75, 85, 122, 195]
[172, 81, 154, 167, 112, 129, 54, 66, 130, 168, 149, 105, 107, 150, 94, 160, 92, 17, 188, 195]
[174, 80, 145, 0, 42, 179, 18, 29, 81, 169, 36, 92, 21, 52, 105, 108, 65, 122, 106, 195]
[52, 153, 9, 53, 16, 154, 51, 119, 78, 130, 194, 8, 168, 129, 125, 162, 36, 91, 29, 195]
[125, 80, 183, 195, 174, 179, 106, 177, 61, 143, 154, 160, 29, 170, 57, 79, 27, 145, 63]
[106, 55, 18, 160, 63, 130, 195, 170, 194, 9, 29, 76, 15, 24, 122, 57, 179, 174, 171]
[10, 82, 105, 108, 12, 153, 115, 157, 151, 58, 98, 109, 134, 159, 111, 154, 57, 130, 23, 192]
[21, 71, 18, 115, 69, 93, 1, 118, 148, 121, 188, 40, 124, 39, 143, 26, 19, 15, 150, 192]
[67, 148, 114, 109, 117, 127, 70, 19, 53, 177, 133, 185, 121, 175, 116, 31, 105, 189, 160, 192]
[121, 24, 145, 85, 49, 37, 148, 116, 118, 45, 161, 92, 78, 19, 17, 173, 68, 140, 98, 192]
[14, 45, 119, 37, 136, 46, 84, 188, 3, 65, 118, 29, 68, 38, 2, 148, 71, 160, 92, 192]
[154, 118, 112, 175, 46, 75, 109, 179, 142, 190, 136, 36, 10, 160, 124, 148, 6, 71, 172, 192]
[46, 90, 24, 87, 191, 129, 25, 16, 175, 17, 67, 154, 86, 148, 99, 23, 170, 91, 82, 192]
[170, 178, 31, 143, 71, 49, 66, 148, 145, 105, 86, 29, 121, 62, 144, 129, 109, 158, 89, 192]
[178, 148, 176, 64, 25, 75, 121, 140, 85, 143, 86, 49, 36, 29, 3, 179, 24, 122, 131, 192]
[68, 170, 53, 66, 67, 2, 109, 148, 54, 24, 118, 112, 121, 108, 172, 48, 130, 11, 85, 192]
[127, 49, 18, 63, 129, 70, 52, 5, 68, 192, 91, 28, 72, 38, 14, 116, 114, 166, 112]
[5, 31, 52, 160, 65, 74, 49, 53, 4, 129, 1, 96, 91, 106, 109, 36, 26, 108, 188, 192]
[164, 72, 176, 192, 56, 145, 148, 46, 173, 142, 36, 74, 65, 82, 39, 108, 48, 143, 1]
[30, 21, 48, 99, 1, 179, 158, 59, 49, 154, 29, 108, 176, 127, 166, 164, 65, 38, 50, 192]
[82, 85, 50, 52, 28, 177, 98, 19, 26, 74, 53, 24, 108, 121, 4, 86, 182, 151, 138, 192]
[32, 104, 132, 4, 148, 86, 25, 134, 145, 119, 52, 164, 68, 150, 38, 48, 142, 173, 158, 192]
[117, 104, 26, 186, 46, 5, 50, 65, 109, 173, 166, 39, 157, 78, 133, 160, 145, 84, 54, 192]
[17, 64, 109, 111, 100, 134, 161, 19, 105, 52, 69, 186, 142, 160, 173, 118, 25, 71, 120, 192]
[117, 5, 116, 30, 150, 34, 190, 102, 86, 145, 19, 129, 188, 11, 173, 134, 100, 84, 177, 192]
[157, 24, 192, 28, 117, 86, 124, 6, 178, 16, 39, 153, 83, 19, 159, 110, 5, 33, 10]
[186, 133, 160, 182, 170, 18, 107, 127, 121, 77, 104, 48, 102, 163, 154, 117, 64, 120, 150, 192]
[29, 154, 188, 144, 1, 110, 20, 145, 142, 179, 176, 104, 52, 91, 5, 4, 46, 55, 138, 192]
[67, 20, 52, 30, 66, 192, 83, 47, 109, 119, 64, 118, 85, 140, 182, 166, 129, 133, 68]
[45, 116, 144, 160, 30, 66, 166, 37, 33, 142, 16, 34, 46, 163, 19, 11, 124, 63, 109, 192]
[120, 67, 160, 82, 45, 92, 83, 117, 69, 145, 153, 166, 106, 178, 64, 91, 34, 104, 72, 192]
[176, 124, 173, 138, 2, 145, 117, 142, 38, 150, 119, 192, 17, 112, 18, 69, 178, 121, 1]
[17, 91, 66, 52, 45, 154, 1, 63, 34, 28, 48, 133, 175, 64, 178, 192, 3, 38, 121]
[77, 153, 172, 120, 17, 177, 186, 96, 39, 164, 138, 165, 188, 18, 26, 131, 84, 70, 3, 192]
[36, 83, 45, 39, 178, 179, 170, 164, 96, 129, 77, 79, 106, 124, 157, 3, 92, 109, 120, 192]
[177, 85, 164, 3, 87, 159, 160, 121, 96, 2, 129, 106, 83, 20, 17, 39, 69, 120, 101, 192]
[28, 127, 65, 157, 67, 66, 172, 30, 159, 87, 92, 188, 3, 138, 106, 29, 111, 16, 175, 192]
[138, 84, 176, 155, 124, 3, 63, 28, 26, 121, 105, 100, 1, 5, 68, 179, 47, 142, 127, 192]
[19, 134, 179, 190, 176, 1, 143, 70, 164, 154, 33, 11, 175, 106, 84, 26, 100, 158, 116, 192]
