[120, 24, 69, 169, 146, 165, 94, 206, 166, 110, 22, 171, 114, 142, 70, 4, 35, 86, 208, 117, 127, 212]
[206, 55, 48, 105, 1, 80, 128, 146, 187, 116, 64, 8, 185, 132, 99, 117, 109, 110, 195, 173, 133, 212]
[116, 7, 200, 2, 53, 207, 99, 197, 40, 10, 192, 161, 42, 137, 165, 1, 14, 59, 76, 83, 128, 212]
[2, 207, 132, 55, 64, 56, 94, 196, 161, 116, 144, 49, 128, 14, 131, 208, 13, 172, 206, 53, 83, 212]
[51, 110, 143, 197, 60, 141, 98, 14, 133, 186, 97, 132, 23, 6, 62, 48, 91, 146, 172, 157, 46, 212]
[150, 130, 155, 116, 51, 100, 32, 109, 185, 161, 141, 83, 41, 142, 59, 131, 133, 157, 191, 78, 79, 212]
[0, 188, 115, 208, 139, 6, 121, 49, 128, 58, 29, 197, 143, 50, 152, 163, 206, 136, 23, 207, 2, 212]
[49, 212, 172, 61, 35, 47, 157, 43, 51, 200, 117, 152, 122, 44, 144, 206, 66, 121, 69, 41, 78]
[83, 80, 76, 131, 187, 206, 168, 46, 200, 210, 27, 69, 205, 163, 6, 91, 86, 198, 191, 209, 32, 212]
[174, 31, 82, 145, 210, 83, 41, 39, 154, 129, 186, 137, 78, 198, 121, 76, 91, 162, 113, 212, 163]
[212, 145, 0, 46, 162, 170, 188, 209, 35, 129, 186, 117, 99, 166, 34, 141, 44, 32, 165, 23, 55, 213]
[160, 205, 34, 165, 44, 91, 143, 171, 152, 94, 99, 132, 147, 110, 157, 112, 1, 56, 77, 114, 46, 213]
[208, 44, 50, 114, 200, 184, 69, 131, 6, 47, 191, 211, 147, 128, 40, 38, 30, 172, 2, 97, 134, 213]
[160, 39, 94, 58, 10, 144, 76, 208, 61, 80, 166, 115, 129, 97, 111, 109, 163, 213, 6, 38, 188]
[198, 115, 174, 113, 0, 4, 76, 83, 1, 109, 212, 163, 34, 32, 170, 23, 152, 45, 77, 86, 186, 213]
[144, 21, 82, 44, 213, 113, 25, 37, 40, 50, 76, 155, 208, 62, 163, 207, 154, 160, 131, 64, 96]
[186, 210, 1, 99, 6, 133, 211, 51, 141, 39, 30, 42, 20, 188, 66, 206, 130, 81, 70, 131, 165, 213]
[40, 44, 113, 191, 21, 57, 20, 150, 90, 131, 112, 135, 96, 83, 212, 48, 85, 188, 39, 91, 171, 213]
[71, 188, 167, 194, 90, 143, 21, 154, 60, 0, 69, 133, 200, 170, 93, 131, 39, 157, 70, 190, 1, 213]
[190, 37, 41, 136, 144, 208, 28, 154, 99, 98, 68, 10, 155, 133, 160, 1, 64, 212, 202, 184, 188, 213]
[172, 94, 77, 37, 76, 82, 143, 96, 171, 162, 67, 169, 135, 8, 58, 13, 39, 64, 213, 21, 154]
[91, 189, 2, 57, 38, 98, 51, 103, 119, 99, 32, 92, 60, 188, 191, 1, 116, 209, 23, 59, 15, 213]
[36, 81, 194, 207, 40, 163, 70, 78, 117, 200, 165, 143, 79, 154, 141, 83, 188, 131, 68, 157, 185, 213]
[189, 8, 131, 208, 71, 135, 97, 154, 136, 211, 188, 14, 99, 171, 155, 60, 170, 185, 113, 42, 103, 213]
[191, 32, 10, 189, 207, 209, 135, 78, 133, 14, 182, 211, 42, 170, 71, 137, 37, 190, 8, 200, 13, 213]
[213, 150, 186, 51, 21, 155, 165, 62, 159, 68, 82, 60, 181, 76, 6, 170, 83, 81, 88, 194, 136]
[136, 28, 32, 16, 194, 70, 38, 206, 154, 29, 152, 11, 0, 3, 21, 103, 139, 60, 133, 209, 15, 213]
[207, 131, 64, 186, 36, 29, 98, 89, 143, 38, 188, 194, 152, 117, 71, 185, 187, 121, 165, 42, 191, 213]
[6, 2, 99, 71, 117, 194, 62, 162, 64, 154, 170, 202, 104, 79, 116, 40, 188, 21, 3, 12, 30, 213]
[103, 51, 162, 90, 68, 202, 178, 116, 89, 205, 171, 121, 191, 152, 187, 150, 154, 14, 131, 91, 210, 213]
[137, 92, 189, 133, 76, 81, 212, 6, 98, 51, 20, 171, 210, 178, 38, 182, 135, 160, 208, 191, 136, 213]
[162, 185, 212, 90, 139, 96, 13, 5, 163, 182, 97, 58, 202, 121, 51, 133, 8, 205, 38, 21, 200, 213]
[97, 78, 122, 211, 169, 160, 61, 30, 194, 205, 206, 82, 170, 136, 141, 0, 81, 181, 116, 13, 139, 213]
