[0, 14, 132, 107, 60, 117, 59, 161, 84, 110, 159, 113, 100, 104, 156, 25, 76, 136, 155, 194]
[95, 151, 143, 14, 34, 23, 165, 107, 76, 150, 192, 152, 45, 178, 43, 55, 38, 11, 104, 194]
[16, 60, 110, 147, 111, 30, 76, 21, 142, 84, 163, 144, 191, 77, 38, 192, 59, 25, 12, 194]
[20, 6, 177, 61, 106, 7, 148, 173, 179, 116, 152, 167, 141, 87, 49, 0, 172, 17, 27, 194]
[153, 38, 157, 172, 92, 17, 175, 161, 166, 111, 60, 67, 162, 19, 121, 118, 50, 180, 148, 194]
[136, 47, 107, 121, 178, 130, 17, 155, 18, 147, 144, 168, 7, 87, 142, 49, 64, 111, 0, 194]
[87, 59, 93, 89, 181, 190, 74, 41, 156, 7, 84, 118, 33, 175, 68, 138, 100, 166, 49, 194]
[46, 50, 119, 51, 69, 27, 166, 17, 136, 194, 22, 39, 145, 48, 177, 9, 61, 40, 152]
[80, 27, 111, 194, 178, 21, 173, 190, 58, 145, 92, 176, 118, 6, 17, 61, 14, 31, 109]
[0, 179, 32, 3, 177, 136, 195, 137, 27, 73, 2, 183, 145, 103, 192, 30, 5, 164, 115, 112, 199]
[128, 157, 179, 162, 63, 141, 92, 99, 147, 199, 5, 45, 74, 153, 165, 77, 186, 98, 17, 91]
[11, 45, 178, 35, 98, 92, 99, 95, 182, 1, 146, 199, 43, 4, 181, 177, 136, 23, 24, 73]
[92, 13, 95, 55, 30, 6, 149, 2, 77, 192, 65, 173, 94, 195, 71, 172, 0, 118, 69, 51, 199]
[55, 82, 103, 116, 45, 192, 94, 74, 153, 1, 177, 98, 22, 181, 92, 106, 173, 111, 145, 166, 199]
[2, 69, 195, 79, 183, 123, 19, 65, 51, 68, 92, 155, 58, 11, 5, 197, 72, 129, 178, 38, 199]
[174, 178, 186, 197, 52, 112, 183, 17, 43, 161, 192, 115, 27, 38, 175, 79, 73, 116, 94, 118, 199]
[150, 1, 164, 104, 153, 162, 66, 180, 81, 58, 103, 45, 173, 35, 27, 197, 6, 65, 192, 116, 199]
[45, 22, 167, 80, 146, 98, 147, 69, 157, 155, 112, 96, 94, 19, 81, 55, 3, 0, 14, 35, 199]
[68, 54, 85, 177, 12, 176, 27, 23, 195, 126, 3, 199, 146, 89, 80, 26, 92, 95, 183, 103]
[96, 46, 52, 3, 178, 180, 68, 98, 171, 103, 72, 155, 44, 161, 71, 172, 30, 183, 26, 2, 199]
[157, 55, 98, 68, 65, 64, 129, 56, 137, 3, 160, 172, 171, 97, 13, 20, 181, 165, 54, 180, 199]
[1, 177, 182, 180, 137, 116, 54, 95, 85, 199, 176, 157, 27, 70, 26, 172, 173, 181, 174, 147]
[92, 115, 20, 38, 12, 157, 3, 95, 116, 173, 5, 45, 164, 32, 171, 160, 145, 85, 147, 118, 199]
[178, 144, 179, 91, 147, 72, 180, 174, 5, 64, 69, 61, 126, 171, 0, 65, 166, 35, 106, 157, 199]
[106, 78, 172, 159, 81, 12, 0, 171, 105, 162, 13, 147, 178, 45, 94, 61, 136, 129, 72, 153, 199]
[78, 171, 68, 70, 147, 137, 111, 159, 106, 118, 115, 58, 13, 82, 20, 182, 157, 0, 183, 85, 199]
[23, 39, 55, 61, 6, 192, 0, 69, 58, 19, 89, 96, 168, 166, 157, 9, 68, 106, 105, 137, 199]
[30, 123, 32, 6, 147, 111, 12, 19, 65, 168, 180, 171, 118, 158, 107, 70, 144, 103, 43, 97, 199]
[166, 152, 28, 145, 155, 191, 158, 55, 26, 85, 97, 156, 61, 137, 153, 32, 11, 94, 98, 22, 199]
[123, 20, 171, 163, 166, 199, 98, 12, 144, 160, 91, 118, 145, 23, 39, 161, 64, 136, 11, 104]
[182, 164, 22, 5, 160, 106, 118, 136, 153, 0, 104, 70, 134, 54, 17, 129, 177, 64, 14, 23, 199]
[56, 68, 156, 61, 54, 137, 123, 118, 82, 89, 111, 167, 39, 23, 116, 84, 0, 5, 13, 17, 199]
[23, 58, 179, 165, 129, 170, 4, 91, 0, 146, 123, 64, 20, 35, 65, 106, 172, 72, 54, 112, 199]
[177, 180, 39, 82, 182, 104, 116, 44, 88, 27, 45, 171, 105, 85, 5, 3, 78, 22, 161, 20, 199]
[180, 81, 173, 64, 164, 44, 2, 167, 123, 85, 172, 171, 191, 95, 58, 79, 177, 23, 111, 195, 199]
[55, 26, 165, 20, 91, 41, 32, 174, 6, 39, 172, 179, 160, 147, 126, 168, 61, 79, 19, 69, 199]
[147, 6, 81, 22, 105, 109, 157, 3, 30, 159, 0, 191, 171, 5, 69, 95, 54, 153, 195, 46, 199]
[137, 56, 145, 147, 161, 11, 168, 123, 5, 28, 6, 171, 156, 136, 27, 103, 23, 105, 58, 97, 199]
[102, 115, 105, 58, 74, 10, 109, 12, 130, 23, 98, 111, 154, 108, 151, 157, 82, 159, 134, 192]
[77, 28, 82, 36, 29, 44, 144, 157, 22, 150, 190, 26, 158, 10, 31, 27, 117, 179, 40, 192]
[117, 132, 37, 82, 130, 172, 36, 67, 189, 124, 112, 185, 177, 143, 45, 153, 75, 38, 140, 192]
[30, 5, 145, 153, 37, 157, 129, 72, 116, 150, 130, 170, 66, 160, 108, 158, 146, 117, 14, 192]
[47, 61, 64, 87, 160, 23, 36, 173, 150, 117, 154, 90, 129, 140, 70, 147, 109, 151, 51, 192]
[47, 160, 90, 105, 88, 140, 158, 143, 48, 188, 4, 185, 20, 134, 61, 164, 91, 176, 60, 192]
[90, 130, 57, 143, 37, 25, 39, 166, 58, 44, 30, 45, 29, 134, 23, 31, 106, 147, 170, 192]
[15, 39, 148, 72, 134, 88, 37, 64, 67, 7, 140, 44, 89, 192, 63, 172, 144, 106, 57]
[127, 89, 48, 60, 37, 164, 36, 159, 15, 106, 78, 117, 192, 185, 67, 72, 110, 64, 147]
[165, 144, 17, 62, 10, 130, 4, 116, 176, 39, 104, 3, 13, 56, 105, 142, 134, 63, 36, 192]
[164, 46, 30, 62, 188, 116, 28, 3, 36, 71, 45, 89, 39, 155, 105, 145, 25, 166, 56, 192]
[149, 46, 159, 116, 91, 109, 5, 96, 174, 13, 57, 87, 10, 58, 72, 67, 70, 176, 130, 192]
[88, 163, 37, 74, 137, 161, 143, 154, 70, 78, 20, 118, 25, 96, 57, 87, 45, 98, 82, 192]
[188, 105, 72, 165, 118, 10, 150, 23, 25, 174, 119, 96, 129, 166, 127, 39, 88, 6, 179, 192]
[149, 96, 164, 117, 88, 84, 158, 37, 141, 110, 47, 3, 159, 82, 188, 127, 192, 78, 5]
[90, 176, 57, 188, 134, 190, 144, 47, 148, 169, 130, 78, 173, 30, 5, 51, 143, 20, 88, 192]
[165, 144, 148, 66, 175, 40, 176, 23, 82, 51, 37, 149, 25, 164, 166, 150, 63, 91, 139, 192]
[111, 78, 96, 171, 154, 174, 31, 36, 70, 71, 167, 47, 23, 161, 90, 149, 148, 169, 129, 192]
[127, 72, 16, 3, 169, 146, 160, 152, 184, 15, 66, 144, 104, 109, 170, 145, 47, 171, 45, 192]
[129, 140, 192, 23, 127, 134, 30, 7, 51, 96, 10, 169, 164, 71, 142, 170, 16, 119, 70]
[84, 152, 109, 49, 150, 146, 134, 129, 121, 127, 171, 119, 48, 111, 72, 91, 159, 139, 51, 192]
[4, 73, 171, 5, 119, 66, 190, 121, 138, 142, 146, 165, 109, 96, 89, 63, 32, 153, 57, 192]
[174, 87, 152, 89, 130, 7, 10, 127, 138, 15, 47, 64, 142, 121, 190, 62, 158, 16, 13, 192]
[99, 44, 146, 130, 12, 13, 49, 111, 159, 48, 142, 143, 10, 82, 89, 62, 119, 63, 87, 192]
[149, 12, 31, 150, 44, 151, 142, 91, 143, 4, 89, 184, 109, 65, 169, 90, 171, 161, 78, 192]
[6, 71, 16, 164, 146, 73, 139, 109, 100, 3, 29, 82, 134, 121, 34, 158, 58, 160, 4, 192]
[45, 56, 31, 111, 102, 174, 62, 148, 164, 5, 192, 2, 12, 116, 99, 109, 4, 3, 150]
[34, 176, 151, 32, 82, 2, 99, 30, 65, 79, 51, 138, 29, 16, 104, 48, 146, 38, 49, 192]
[49, 81, 48, 121, 36, 44, 88, 90, 127, 158, 188, 25, 99, 30, 139, 1, 130, 170, 160, 192]
[146, 102, 66, 56, 114, 139, 184, 6, 47, 20, 96, 0, 13, 137, 32, 44, 1, 79, 15, 192]
[115, 166, 150, 100, 159, 47, 99, 7, 10, 5, 78, 66, 88, 139, 20, 57, 184, 130, 56, 192]
[91, 66, 102, 137, 82, 4, 142, 188, 103, 46, 121, 73, 192, 88, 158, 16, 160, 29, 25]
[12, 31, 74, 142, 82, 104, 5, 154, 116, 99, 151, 79, 88, 165, 15, 158, 98, 81, 138, 192]
