[113, 64, 54, 140, 170, 62, 172, 8, 75, 94, 131, 92, 158, 99, 16, 155, 150, 7, 93, 195]
[59, 64, 148, 178, 13, 173, 93, 108, 69, 94, 10, 111, 68, 192, 60, 131, 172, 7, 15, 195]
[89, 67, 150, 101, 60, 66, 172, 13, 9, 170, 77, 122, 26, 195, 140, 157, 148, 69, 54]
[174, 172, 132, 41, 0, 158, 161, 66, 180, 133, 137, 145, 169, 87, 162, 61, 108, 177, 105, 195]
[73, 124, 10, 175, 77, 119, 8, 88, 7, 63, 140, 69, 67, 50, 141, 108, 90, 154, 168, 195]
[132, 176, 145, 99, 47, 87, 158, 4, 31, 119, 75, 67, 7, 122, 108, 143, 55, 10, 157, 195]
[6, 94, 143, 169, 145, 195, 20, 108, 74, 9, 10, 81, 65, 181, 90, 153, 17, 158, 85]
[20, 66, 122, 147, 163, 89, 130, 141, 151, 162, 74, 7, 32, 34, 94, 61, 31, 42, 87, 195]
[31, 50, 49, 59, 175, 67, 74, 4, 192, 179, 2, 5, 107, 99, 66, 112, 153, 160, 42, 195]
[156, 90, 195, 10, 166, 20, 61, 81, 160, 177, 59, 169, 47, 157, 21, 144, 9, 119, 145]
[21, 147, 154, 93, 144, 158, 74, 182, 89, 41, 163, 60, 88, 120, 19, 148, 39, 9, 151, 195]
[6, 66, 3, 153, 33, 146, 49, 144, 81, 182, 160, 69, 166, 5, 152, 31, 4, 130, 143, 195]
[34, 175, 23, 18, 128, 74, 7, 166, 85, 157, 153, 59, 91, 49, 181, 146, 62, 176, 127, 195]
[69, 68, 160, 42, 153, 77, 8, 73, 91, 60, 179, 149, 195, 164, 180, 127, 55, 90, 130]
[160, 87, 81, 151, 149, 179, 93, 158, 114, 49, 147, 173, 7, 59, 5, 66, 67, 119, 3, 195]
[145, 65, 40, 157, 186, 149, 31, 60, 32, 8, 75, 20, 68, 39, 73, 160, 195, 67, 34]
[129, 141, 169, 146, 119, 114, 181, 60, 7, 90, 69, 68, 87, 161, 23, 34, 81, 42, 191, 195]
[93, 119, 177, 72, 23, 191, 144, 157, 169, 160, 87, 128, 40, 8, 6, 182, 186, 114, 175, 195]
[147, 148, 116, 167, 154, 61, 166, 112, 18, 55, 108, 195, 34, 120, 94, 40, 146, 33, 67]
[108, 39, 50, 95, 55, 154, 166, 6, 186, 151, 94, 181, 31, 132, 133, 89, 9, 67, 61, 195]
[156, 32, 182, 67, 149, 191, 5, 129, 50, 130, 175, 75, 166, 132, 115, 116, 186, 154, 143, 195]
[116, 153, 176, 47, 89, 145, 84, 144, 91, 141, 147, 6, 182, 166, 133, 49, 122, 164, 61, 195]
[191, 50, 61, 63, 167, 93, 74, 88, 116, 94, 69, 39, 132, 65, 68, 73, 151, 0, 179, 195]
[143, 149, 178, 49, 70, 156, 189, 59, 94, 133, 89, 55, 87, 42, 6, 177, 67, 86, 176, 195]
[20, 88, 75, 122, 144, 120, 74, 40, 127, 177, 73, 17, 160, 8, 143, 173, 167, 85, 47, 195]
[69, 59, 85, 86, 41, 8, 107, 63, 104, 112, 115, 176, 151, 128, 31, 120, 153, 156, 189, 195]
[7, 156, 152, 147, 41, 23, 119, 127, 75, 129, 67, 20, 89, 166, 10, 8, 87, 195, 95]
[7, 39, 34, 110, 115, 153, 130, 189, 91, 74, 156, 141, 8, 55, 104, 145, 179, 112, 148, 195]
[70, 162, 199, 151, 150, 171, 135, 111, 77, 114, 164, 98, 22, 6, 96, 74, 95, 195, 97, 172]
[80, 109, 2, 1, 171, 59, 66, 97, 114, 175, 92, 152, 70, 79, 164, 137, 54, 65, 98, 100, 199]
[196, 36, 20, 137, 82, 22, 80, 69, 175, 79, 97, 66, 65, 118, 117, 184, 67, 186, 143, 161, 199]
[80, 103, 28, 128, 105, 146, 175, 36, 22, 27, 178, 100, 93, 154, 145, 79, 106, 20, 114, 131, 199]
[153, 34, 61, 6, 79, 69, 187, 170, 86, 113, 175, 98, 82, 106, 70, 31, 27, 48, 105, 63, 199]
[31, 68, 20, 0, 174, 99, 27, 103, 48, 55, 126, 189, 196, 105, 160, 187, 115, 21, 28, 159, 199]
[143, 136, 159, 144, 128, 145, 79, 100, 150, 28, 115, 48, 177, 66, 0, 178, 6, 58, 82, 81, 199]
[160, 17, 162, 104, 86, 179, 21, 19, 124, 31, 24, 103, 1, 67, 60, 176, 62, 82, 98, 130, 199]
[62, 3, 172, 103, 71, 47, 129, 163, 80, 115, 18, 37, 97, 36, 109, 79, 145, 175, 0, 159, 199]
[19, 67, 106, 196, 119, 135, 154, 130, 104, 158, 79, 126, 159, 103, 37, 100, 69, 128, 24, 129, 199]
[144, 128, 56, 170, 130, 12, 48, 146, 47, 89, 159, 124, 196, 178, 21, 58, 113, 175, 55, 100, 199]
[58, 28, 144, 37, 81, 21, 63, 126, 22, 96, 1, 100, 15, 97, 0, 189, 143, 80, 79, 113, 199]
[13, 70, 66, 79, 32, 176, 93, 194, 87, 128, 154, 192, 86, 129, 130, 145, 99, 22, 138, 3, 199]
[150, 69, 121, 151, 14, 126, 30, 18, 71, 106, 104, 98, 172, 146, 103, 109, 194, 12, 48, 120, 199]
[0, 1, 96, 3, 189, 175, 114, 172, 151, 158, 70, 179, 12, 128, 66, 194, 176, 21, 146, 34, 199]
[68, 89, 80, 17, 159, 61, 24, 11, 120, 27, 22, 194, 178, 79, 71, 177, 169, 184, 103, 179, 199]
[121, 101, 192, 103, 105, 34, 175, 30, 169, 117, 27, 198, 144, 22, 42, 162, 100, 63, 31, 68, 199]
[34, 81, 28, 3, 27, 82, 172, 18, 144, 187, 198, 103, 120, 17, 20, 98, 143, 126, 67, 117, 199]
[192, 196, 138, 176, 48, 103, 143, 37, 87, 135, 11, 115, 169, 17, 191, 27, 79, 66, 32, 104, 199]
[101, 48, 12, 1, 120, 154, 198, 145, 76, 169, 84, 179, 125, 130, 28, 121, 98, 69, 31, 163, 199]
[19, 106, 20, 128, 172, 6, 83, 61, 179, 170, 82, 178, 174, 117, 62, 151, 135, 31, 192, 129, 199]
[115, 135, 24, 153, 151, 97, 69, 192, 83, 95, 28, 175, 65, 18, 80, 130, 162, 50, 128, 81, 199]
[56, 144, 79, 172, 30, 163, 192, 22, 177, 84, 17, 151, 55, 189, 146, 120, 48, 101, 121, 104, 199]
[173, 189, 24, 196, 176, 13, 128, 194, 130, 3, 80, 66, 6, 11, 32, 171, 97, 106, 60, 175, 199]
[56, 178, 175, 172, 79, 12, 13, 189, 158, 159, 163, 113, 103, 31, 87, 131, 143, 145, 144, 194, 199]
[100, 176, 12, 153, 117, 162, 172, 105, 143, 81, 120, 55, 169, 67, 179, 79, 87, 151, 171, 34, 199]
[34, 27, 89, 58, 130, 69, 135, 28, 177, 146, 15, 55, 104, 117, 32, 125, 84, 169, 179, 171, 199]
[130, 70, 22, 158, 65, 13, 89, 177, 55, 178, 153, 58, 81, 125, 15, 31, 120, 171, 61, 173, 199]
[196, 62, 80, 106, 153, 89, 179, 172, 81, 67, 17, 151, 107, 96, 97, 121, 98, 24, 84, 15, 199]
