[150, 0, 99, 87, 7, 37, 32, 137, 141, 130, 155, 72, 124, 1, 73, 50, 122, 136, 84, 198]
[92, 102, 55, 1, 40, 135, 108, 80, 146, 136, 194, 77, 42, 195, 164, 57, 84, 156, 16, 198]
[164, 35, 26, 165, 127, 51, 2, 1, 15, 37, 93, 94, 191, 160, 77, 125, 178, 196, 29, 198]
[178, 191, 37, 84, 93, 1, 18, 4, 70, 29, 159, 197, 136, 125, 148, 130, 76, 146, 157, 198]
[31, 147, 5, 182, 28, 37, 77, 132, 29, 53, 35, 198, 88, 163, 84, 3, 160, 2, 45]
[165, 5, 132, 99, 55, 149, 131, 2, 35, 184, 164, 108, 44, 130, 75, 110, 194, 76, 54, 198]
[78, 79, 72, 143, 5, 187, 0, 134, 116, 101, 9, 45, 28, 194, 76, 4, 149, 84, 53, 198]
[43, 143, 54, 141, 198, 136, 149, 139, 7, 75, 135, 134, 190, 137, 147, 2, 45, 66, 163]
[159, 72, 84, 198, 48, 4, 44, 143, 71, 66, 75, 100, 8, 141, 146, 45, 194, 131, 108]
[69, 108, 90, 195, 71, 100, 110, 3, 44, 134, 170, 136, 33, 190, 2, 149, 101, 165, 145, 198]
[156, 155, 170, 68, 3, 144, 77, 31, 196, 28, 54, 97, 50, 111, 137, 53, 134, 185, 75, 198]
[69, 5, 44, 156, 52, 0, 133, 192, 33, 145, 143, 73, 78, 76, 138, 125, 135, 45, 108, 198]
[70, 54, 32, 131, 144, 146, 98, 197, 46, 52, 0, 3, 103, 12, 85, 49, 139, 75, 165, 51, 199]
[184, 156, 141, 148, 52, 145, 46, 32, 73, 93, 85, 144, 58, 166, 194, 51, 149, 75, 103, 139, 199]
[8, 57, 155, 141, 136, 70, 98, 45, 142, 102, 94, 111, 149, 134, 112, 85, 124, 157, 170, 107, 199]
[157, 145, 5, 141, 58, 171, 77, 100, 95, 9, 6, 46, 41, 36, 72, 146, 29, 4, 27, 103, 199]
[52, 85, 142, 8, 73, 134, 111, 149, 135, 32, 100, 116, 74, 1, 136, 98, 7, 5, 84, 138, 199]
[72, 7, 4, 134, 107, 154, 130, 102, 145, 108, 23, 152, 60, 170, 166, 147, 48, 57, 146, 192]
[36, 23, 8, 102, 42, 17, 5, 63, 58, 89, 100, 134, 184, 187, 7, 107, 11, 161, 151, 192]
[74, 58, 159, 111, 10, 157, 82, 134, 151, 108, 57, 12, 115, 102, 130, 105, 109, 98, 154, 192]
[191, 190, 30, 161, 31, 57, 150, 177, 118, 115, 160, 9, 18, 34, 149, 21, 142, 144, 44, 192]
[190, 144, 117, 112, 162, 71, 50, 46, 47, 175, 1, 188, 15, 157, 27, 38, 158, 41, 172, 192]
[85, 178, 25, 70, 157, 1, 161, 27, 87, 158, 33, 68, 118, 50, 181, 176, 40, 148, 117, 192]
[84, 129, 143, 86, 190, 126, 158, 176, 173, 66, 34, 188, 130, 133, 36, 189, 160, 44, 30, 192]
[117, 86, 15, 44, 28, 85, 175, 49, 25, 47, 14, 177, 69, 68, 132, 185, 10, 64, 153, 192]
[143, 87, 161, 32, 104, 159, 185, 38, 0, 177, 119, 190, 157, 1, 99, 148, 37, 176, 178, 192]
[161, 43, 47, 86, 121, 30, 87, 10, 171, 14, 130, 129, 95, 50, 173, 163, 133, 119, 66, 192]
[76, 31, 156, 68, 148, 177, 189, 153, 185, 37, 178, 143, 20, 25, 176, 116, 127, 130, 84, 192]
[149, 78, 67, 154, 28, 66, 82, 143, 87, 174, 179, 141, 175, 181, 105, 159, 173, 76, 85, 192]
[49, 129, 190, 108, 77, 44, 181, 65, 140, 64, 85, 163, 68, 39, 46, 110, 177, 172, 22, 192]
[69, 131, 86, 125, 20, 64, 14, 46, 28, 179, 172, 106, 92, 37, 112, 192, 140, 119, 68]
[130, 119, 115, 37, 108, 47, 118, 46, 124, 95, 121, 50, 67, 44, 22, 28, 25, 163, 188, 192]
[30, 39, 175, 106, 17, 153, 176, 188, 14, 161, 84, 148, 38, 158, 86, 31, 112, 174, 117, 192]
[36, 22, 87, 49, 70, 112, 48, 154, 2, 57, 39, 69, 78, 131, 1, 190, 108, 185, 76, 192]
[175, 71, 125, 48, 108, 122, 30, 193, 144, 167, 50, 117, 87, 78, 154, 158, 107, 46, 131]
[86, 179, 117, 37, 189, 193, 66, 178, 85, 119, 84, 22, 173, 142, 50, 88, 141, 175, 93]
[50, 106, 141, 93, 130, 108, 4, 118, 167, 119, 109, 177, 179, 175, 182, 159, 113, 68, 19, 193]
[3, 32, 162, 66, 0, 49, 190, 149, 152, 51, 159, 78, 117, 18, 87, 160, 85, 155, 182, 193]
[128, 118, 3, 88, 191, 149, 157, 142, 162, 186, 21, 190, 45, 30, 69, 48, 151, 182, 106, 193]
[176, 158, 4, 77, 177, 126, 162, 85, 88, 132, 94, 164, 29, 93, 173, 2, 67, 150, 22, 193]
[150, 71, 0, 175, 142, 117, 154, 193, 30, 33, 48, 26, 87, 15, 67, 132, 143, 110, 2]
[162, 113, 109, 66, 117, 40, 21, 176, 173, 106, 86, 92, 18, 175, 87, 4, 49, 152, 22, 193]
[97, 143, 50, 62, 113, 176, 31, 112, 154, 131, 116, 120, 30, 150, 106, 38, 186, 189, 177, 193]
[85, 46, 106, 191, 119, 37, 144, 128, 18, 175, 150, 68, 143, 111, 58, 92, 162, 31, 22, 193]
[131, 161, 112, 23, 66, 76, 152, 116, 143, 67, 189, 154, 193, 142, 97, 118, 16, 149, 109]
