[135, 50, 166, 148, 59, 104, 131, 153, 68, 102, 145, 12, 34, 53, 125, 20, 136, 176, 87, 196]
[190, 107, 137, 126, 52, 69, 5, 104, 6, 174, 79, 105, 148, 21, 128, 147, 136, 23, 31, 196]
[68, 167, 164, 21, 89, 32, 38, 163, 51, 154, 83, 162, 7, 20, 34, 12, 75, 73, 82, 196]
[2, 57, 28, 83, 31, 50, 105, 13, 159, 12, 187, 152, 38, 40, 177, 147, 137, 146, 116, 196]
[145, 87, 74, 59, 129, 89, 22, 43, 68, 4, 18, 44, 163, 152, 103, 82, 33, 196, 164]
[107, 96, 86, 59, 91, 38, 174, 117, 42, 147, 123, 163, 125, 32, 131, 36, 120, 146, 177, 196]
[188, 129, 97, 165, 35, 136, 25, 146, 83, 128, 123, 164, 148, 133, 19, 7, 184, 131, 22, 196]
[125, 155, 69, 40, 46, 129, 190, 194, 122, 72, 186, 51, 79, 75, 35, 73, 81, 57, 146, 196]
[184, 31, 59, 130, 37, 28, 89, 137, 57, 80, 123, 42, 79, 38, 15, 105, 177, 25, 96, 196]
[105, 122, 194, 51, 59, 90, 96, 129, 69, 38, 74, 83, 28, 33, 73, 37, 190, 147, 31, 196]
[126, 89, 128, 80, 194, 177, 7, 28, 124, 97, 36, 21, 30, 56, 161, 191, 192, 13, 189, 196]
[139, 45, 25, 146, 144, 131, 134, 26, 148, 153, 96, 28, 83, 33, 70, 152, 30, 36, 125, 196]
[131, 126, 70, 33, 88, 125, 71, 107, 130, 164, 169, 20, 38, 162, 155, 99, 195, 192, 148, 196]
[23, 18, 40, 47, 122, 12, 121, 164, 126, 22, 116, 19, 130, 33, 21, 73, 87, 96, 7, 196]
[43, 177, 80, 37, 146, 155, 2, 59, 54, 30, 139, 87, 147, 107, 74, 50, 194, 41, 18, 196]
[38, 6, 130, 177, 56, 72, 22, 33, 36, 96, 191, 192, 125, 71, 23, 148, 31, 161, 155, 196]
