[74, 11, 53, 69, 153, 75, 130, 165, 123, 163, 87, 32, 147, 83, 24, 29, 132, 17, 145, 192]
[84, 88, 154, 17, 54, 124, 164, 98, 166, 131, 24, 146, 70, 148, 11, 29, 32, 42, 133, 193]
[177, 192, 11, 131, 45, 73, 56, 105, 83, 76, 0, 166, 30, 75, 17, 134, 123, 120, 1, 193]
[29, 20, 126, 75, 102, 152, 164, 71, 177, 25, 119, 142, 144, 125, 13, 16, 101, 167, 170, 193]
[25, 65, 97, 45, 101, 48, 56, 67, 84, 186, 148, 109, 105, 164, 17, 178, 135, 111, 124, 193]
[152, 57, 186, 94, 133, 148, 78, 29, 146, 97, 158, 155, 75, 125, 42, 20, 115, 105, 49, 193]
[71, 6, 56, 169, 119, 3, 8, 117, 24, 7, 109, 46, 16, 44, 154, 75, 92, 42, 78, 193]
[21, 20, 71, 169, 64, 49, 70, 54, 84, 129, 146, 134, 67, 105, 187, 148, 78, 158, 59, 193]
[77, 85, 142, 154, 35, 7, 149, 78, 80, 84, 0, 91, 122, 188, 97, 93, 67, 129, 33, 193]
[1, 149, 85, 20, 24, 160, 77, 54, 132, 79, 138, 7, 45, 148, 93, 181, 180, 49, 100, 193]
[125, 144, 188, 79, 51, 63, 67, 105, 11, 77, 175, 46, 41, 70, 159, 13, 187, 7, 101, 193]
[57, 45, 187, 61, 159, 162, 181, 91, 46, 129, 109, 169, 54, 182, 156, 117, 33, 14, 15, 193]
[21, 54, 179, 6, 108, 131, 193, 146, 94, 3, 97, 33, 48, 129, 160, 1, 167, 134, 13]
[132, 20, 105, 169, 93, 3, 148, 33, 7, 84, 108, 15, 92, 6, 101, 80, 154, 178, 126, 193]
[61, 180, 46, 15, 155, 33, 117, 54, 13, 94, 132, 91, 64, 138, 21, 44, 110, 187, 1, 193]
[41, 175, 54, 138, 109, 162, 148, 92, 70, 7, 35, 119, 110, 117, 61, 67, 57, 182, 78, 193]
[13, 35, 97, 188, 144, 146, 128, 167, 64, 17, 129, 44, 193, 24, 157, 65, 119, 14, 132]
[21, 167, 119, 33, 180, 158, 133, 172, 56, 20, 39, 91, 96, 149, 100, 132, 110, 129, 41, 193]
[39, 61, 186, 70, 13, 97, 148, 156, 138, 167, 120, 119, 134, 92, 108, 51, 182, 35, 100, 193]
[63, 148, 7, 3, 117, 133, 182, 44, 16, 49, 144, 109, 1, 188, 94, 75, 178, 122, 192, 193]
[15, 133, 148, 61, 79, 192, 16, 125, 132, 120, 33, 72, 175, 108, 6, 48, 119, 169, 167, 193]
[70, 182, 176, 33, 91, 64, 177, 30, 154, 172, 63, 80, 9, 122, 149, 167, 144, 61, 175, 193]
