[56, 102, 49, 21, 178, 92, 48, 155, 168, 79, 4, 194, 0, 16, 120, 51, 166, 98, 167]
[116, 115, 78, 47, 14, 144, 187, 118, 176, 29, 3, 16, 37, 103, 44, 109, 100, 40, 179, 194]
[155, 113, 183, 150, 45, 109, 182, 170, 47, 97, 88, 39, 72, 176, 147, 37, 70, 166, 156, 194]
[150, 187, 103, 130, 139, 143, 24, 94, 183, 82, 71, 167, 29, 5, 43, 13, 126, 15, 168, 194]
[33, 102, 145, 16, 48, 88, 121, 0, 37, 170, 73, 173, 79, 44, 54, 166, 65, 75, 13, 194]
[97, 43, 23, 62, 48, 101, 143, 174, 177, 57, 96, 182, 63, 45, 42, 147, 6, 179, 110, 194]
[40, 96, 143, 173, 71, 133, 20, 102, 150, 29, 118, 97, 156, 189, 130, 129, 121, 69, 61, 194]
[99, 110, 7, 116, 147, 109, 160, 23, 79, 157, 129, 119, 136, 46, 78, 176, 41, 178, 33, 194]
[149, 115, 189, 116, 44, 45, 160, 168, 79, 126, 94, 193, 157, 71, 167, 128, 20, 77, 194]
[134, 45, 3, 129, 101, 41, 143, 136, 110, 54, 75, 187, 139, 99, 177, 179, 173, 100, 147, 194]
[81, 163, 33, 41, 115, 139, 60, 20, 24, 46, 129, 128, 150, 7, 116, 79, 61, 144, 174, 194]
[39, 149, 194, 179, 155, 110, 163, 147, 7, 14, 157, 60, 187, 51, 144, 22, 62, 6, 75]
[121, 155, 65, 1, 182, 101, 166, 170, 77, 189, 99, 39, 120, 51, 23, 139, 62, 119, 24, 194]
[149, 49, 139, 51, 160, 118, 187, 33, 176, 135, 121, 120, 147, 35, 100, 82, 128, 133, 61, 194]
[1, 46, 99, 71, 160, 134, 115, 37, 194, 81, 30, 129, 121, 73, 173, 183, 45, 35, 70]
[49, 134, 16, 157, 135, 62, 155, 72, 44, 5, 133, 65, 56, 33, 78, 73, 63, 71, 81, 194]
[7, 130, 72, 99, 109, 70, 9, 147, 166, 24, 167, 118, 129, 149, 33, 173, 157, 16, 160, 194]
