[66, 149, 97, 169, 124, 184, 62, 1, 164, 76, 17, 94, 25, 61, 80, 19, 98, 60, 137, 192]
[57, 59, 127, 61, 145, 136, 79, 179, 147, 181, 72, 70, 33, 125, 109, 139, 6, 185, 157, 192]
[91, 40, 14, 20, 33, 160, 96, 181, 134, 187, 43, 53, 97, 124, 28, 61, 177, 57, 106, 192]
[100, 117, 187, 101, 177, 29, 37, 139, 59, 54, 68, 125, 42, 14, 150, 79, 50, 171, 132, 192]
[28, 161, 180, 116, 43, 173, 178, 73, 76, 125, 50, 39, 134, 106, 42, 160, 186, 87, 67, 192]
[114, 142, 83, 113, 153, 180, 36, 160, 165, 135, 150, 52, 27, 190, 171, 106, 163, 0, 151, 192]
[181, 55, 116, 174, 128, 103, 64, 134, 132, 86, 25, 42, 161, 15, 119, 160, 73, 171, 30, 192]
[156, 173, 120, 25, 8, 64, 171, 77, 103, 54, 104, 141, 146, 39, 101, 158, 15, 99, 185, 192]
[124, 126, 103, 28, 131, 36, 12, 52, 116, 171, 53, 69, 78, 39, 55, 42, 185, 20, 47, 192]
[91, 86, 111, 171, 92, 12, 187, 192, 25, 50, 146, 78, 56, 47, 35, 145, 83, 106, 73]
[28, 21, 108, 73, 124, 98, 40, 20, 86, 125, 42, 111, 76, 2, 79, 69, 49, 128, 96, 192]
[119, 108, 95, 98, 127, 12, 49, 20, 131, 104, 86, 52, 173, 47, 73, 40, 22, 160, 79, 192]
[150, 112, 98, 12, 124, 120, 156, 110, 36, 50, 3, 97, 22, 87, 131, 77, 184, 94, 95, 192]
[54, 136, 61, 127, 135, 39, 145, 112, 35, 12, 124, 143, 144, 171, 125, 6, 172, 96, 151, 192]
[192, 97, 54, 6, 158, 99, 79, 91, 151, 40, 120, 3, 143, 108, 20, 171, 38, 126, 18]
[47, 146, 151, 145, 180, 79, 49, 39, 89, 177, 15, 111, 26, 54, 91, 185, 50, 38, 135, 192]
[96, 185, 26, 172, 12, 8, 161, 98, 125, 47, 145, 39, 109, 50, 18, 112, 136, 137, 92, 192]
[145, 144, 19, 150, 61, 110, 91, 53, 125, 104, 98, 64, 158, 109, 47, 112, 77, 49, 22, 192]
[12, 144, 91, 168, 39, 86, 106, 54, 36, 131, 55, 152, 24, 50, 98, 177, 150, 95, 19, 192]
