[108, 109, 134, 157, 111, 57, 151, 98, 130, 102, 74, 153, 23, 12, 115, 82, 154, 58, 10, 192]
[26, 93, 179, 115, 160, 14, 43, 29, 9, 141, 98, 121, 158, 78, 47, 162, 22, 16, 44, 192]
[75, 22, 158, 21, 14, 53, 162, 102, 38, 109, 39, 189, 45, 150, 156, 161, 24, 26, 175, 192]
[85, 33, 153, 3, 178, 34, 98, 140, 29, 66, 130, 99, 41, 189, 121, 109, 190, 160, 149, 192]
[64, 179, 154, 32, 176, 37, 70, 102, 134, 77, 117, 106, 178, 158, 39, 101, 68, 19, 47, 192]
[156, 67, 148, 173, 150, 66, 31, 121, 48, 192, 189, 130, 134, 159, 35, 44, 105, 185, 181]
[190, 131, 64, 14, 84, 119, 173, 124, 35, 95, 142, 102, 121, 153, 39, 51, 100, 44, 157, 192]
[40, 45, 101, 46, 105, 158, 164, 170, 74, 49, 179, 159, 31, 67, 142, 84, 125, 131, 68, 192]
[141, 140, 20, 35, 173, 118, 96, 63, 188, 47, 127, 176, 124, 48, 171, 0, 2, 119, 185, 192]
[5, 48, 129, 125, 37, 130, 102, 188, 140, 3, 160, 142, 78, 124, 148, 67, 126, 95, 151, 192]
[125, 172, 176, 20, 189, 64, 154, 179, 49, 87, 65, 116, 159, 30, 86, 99, 45, 185, 97, 192]
[63, 181, 159, 192, 164, 39, 101, 20, 30, 86, 0, 3, 40, 165, 151, 119, 64, 130, 142]
[119, 149, 159, 179, 133, 39, 121, 30, 87, 148, 96, 118, 47, 68, 78, 20, 170, 2, 3, 192]
[2, 90, 116, 157, 138, 65, 23, 35, 91, 39, 140, 47, 37, 30, 97, 15, 159, 154, 99, 192]
[38, 3, 49, 159, 118, 116, 141, 150, 127, 30, 160, 89, 72, 176, 125, 82, 86, 66, 21, 192]
[175, 141, 2, 143, 185, 15, 68, 99, 109, 35, 95, 119, 181, 178, 46, 45, 171, 170, 38, 192]
[39, 65, 0, 90, 76, 160, 74, 75, 64, 185, 158, 97, 47, 91, 98, 141, 137, 15, 49, 192]
[20, 148, 130, 73, 66, 173, 151, 157, 141, 15, 129, 121, 90, 159, 26, 39, 87, 85, 124, 192]
[150, 159, 89, 62, 49, 21, 125, 179, 176, 151, 39, 133, 192, 116, 75, 148, 87, 20, 44]
[49, 14, 148, 96, 140, 87, 136, 90, 67, 107, 127, 139, 1, 149, 75, 63, 116, 15, 135, 192]
[87, 66, 99, 46, 122, 153, 74, 179, 86, 61, 109, 138, 0, 75, 45, 20, 119, 166, 73, 192]
[129, 99, 49, 150, 62, 30, 46, 140, 141, 66, 98, 75, 15, 124, 97, 89, 90, 21, 174, 192]
[108, 1, 125, 176, 185, 159, 49, 157, 47, 158, 129, 143, 46, 116, 15, 74, 64, 141, 154, 192]
[139, 3, 172, 2, 157, 73, 65, 98, 149, 125, 44, 164, 151, 175, 130, 140, 185, 122, 64, 192]
[171, 131, 3, 151, 156, 73, 26, 175, 166, 2, 125, 48, 96, 172, 159, 89, 108, 1, 170, 192]
[137, 124, 74, 154, 15, 173, 170, 89, 62, 143, 14, 176, 138, 159, 157, 85, 156, 164, 104, 192]
[99, 124, 138, 130, 85, 166, 139, 97, 175, 156, 21, 164, 172, 2, 126, 66, 76, 159, 0, 192]
[96, 171, 154, 76, 127, 20, 6, 66, 61, 30, 164, 149, 73, 39, 142, 15, 192, 129, 133]
[75, 131, 99, 130, 6, 142, 15, 30, 14, 159, 192, 154, 66, 153, 39, 140, 185, 164, 44]
[174, 108, 15, 87, 178, 126, 40, 49, 50, 139, 143, 154, 127, 157, 30, 125, 121, 78, 156, 192]
[97, 63, 116, 143, 148, 108, 153, 129, 176, 98, 141, 15, 135, 20, 67, 121, 174, 2, 1, 192]
[153, 3, 164, 98, 148, 143, 137, 136, 160, 87, 140, 14, 21, 97, 166, 44, 173, 1, 130, 192]
[187, 136, 30, 105, 62, 49, 121, 76, 140, 123, 172, 157, 168, 122, 148, 96, 176, 104, 61, 192]
[2, 47, 154, 126, 98, 124, 131, 130, 187, 105, 148, 44, 26, 157, 73, 74, 1, 141, 72, 192]
[14, 104, 173, 168, 148, 139, 119, 136, 172, 44, 84, 174, 3, 66, 63, 74, 62, 15, 170, 192]
[126, 90, 2, 30, 86, 159, 66, 157, 153, 50, 151, 154, 175, 78, 40, 143, 62, 75, 137, 192]
[40, 62, 1, 86, 160, 129, 15, 97, 99, 66, 90, 159, 14, 105, 139, 89, 141, 39, 150, 192]
[138, 157, 40, 15, 140, 2, 65, 130, 151, 98, 129, 126, 148, 185, 143, 149, 30, 164, 141, 192]
[178, 151, 192, 127, 148, 39, 72, 168, 111, 153, 109, 6, 142, 136, 149, 140, 175, 75, 40]
[73, 142, 66, 47, 84, 138, 139, 137, 156, 160, 75, 21, 72, 107, 1, 166, 104, 15, 140, 192]
[111, 48, 170, 109, 168, 129, 138, 175, 151, 149, 150, 121, 63, 178, 166, 89, 3, 72, 21, 192]
[85, 138, 97, 39, 72, 184, 122, 139, 87, 121, 111, 130, 172, 74, 1, 76, 149, 151, 2, 192]
[158, 91, 153, 30, 138, 164, 98, 48, 87, 184, 66, 107, 15, 62, 142, 126, 2, 40, 170, 192]
[67, 142, 130, 107, 168, 175, 125, 109, 40, 131, 61, 153, 156, 87, 63, 15, 119, 187, 14, 192]
[109, 105, 89, 137, 75, 150, 44, 40, 121, 107, 73, 170, 142, 62, 131, 61, 84, 164, 124, 192]
[141, 137, 139, 35, 142, 178, 140, 20, 14, 187, 21, 148, 122, 192, 66, 44, 78, 97, 168]
[67, 26, 136, 98, 85, 1, 159, 178, 192, 135, 20, 130, 129, 179, 164, 47, 125, 168, 105]
[35, 111, 151, 72, 176, 178, 153, 109, 171, 131, 126, 49, 50, 186, 150, 129, 179, 36, 159, 192]
[104, 139, 185, 98, 105, 87, 140, 47, 151, 86, 192, 14, 187, 85, 170, 49, 21, 148, 62]
[73, 49, 184, 44, 135, 6, 61, 36, 122, 178, 14, 99, 139, 65, 67, 84, 96, 0, 160, 192]
[137, 176, 63, 123, 158, 174, 151, 15, 74, 84, 157, 170, 90, 1, 178, 98, 62, 2, 135, 192]
[49, 131, 164, 35, 135, 98, 192, 151, 40, 14, 65, 84, 109, 172, 127, 186, 157, 86, 74]
[98, 30, 105, 44, 164, 150, 157, 149, 166, 172, 186, 48, 49, 73, 111, 125, 0, 170, 143, 192]
[179, 64, 21, 30, 130, 122, 138, 86, 192, 156, 62, 184, 164, 185, 125, 73, 2, 129, 105]
[157, 61, 148, 86, 126, 15, 111, 131, 44, 39, 143, 66, 90, 2, 158, 97, 129, 154, 174, 192]
[90, 21, 66, 187, 109, 140, 15, 184, 96, 192, 139, 50, 186, 85, 153, 157, 160, 91, 74]
[48, 96, 126, 181, 87, 171, 141, 138, 125, 157, 142, 176, 175, 124, 44, 110, 127, 67, 64, 192]
[187, 192, 125, 124, 15, 157, 127, 39, 173, 166, 6, 129, 97, 154, 150, 122, 139, 2, 159]
[153, 21, 160, 175, 174, 135, 187, 171, 87, 136, 109, 166, 158, 105, 129, 130, 138, 173, 30, 192]
[99, 187, 15, 150, 45, 192, 151, 124, 89, 153, 14, 29, 109, 62, 170, 26, 3, 143, 90]
[45, 179, 140, 125, 151, 55, 186, 26, 84, 141, 6, 44, 75, 160, 170, 72, 171, 135, 158, 192]
[1, 99, 14, 104, 6, 176, 111, 168, 72, 179, 126, 61, 98, 29, 164, 159, 121, 78, 140, 192]
[124, 85, 105, 66, 44, 150, 3, 121, 61, 63, 98, 72, 175, 97, 87, 21, 168, 48, 125, 192]
[172, 87, 181, 124, 97, 131, 158, 86, 168, 91, 141, 150, 48, 151, 44, 29, 178, 84, 164, 192]
[154, 64, 185, 86, 48, 30, 184, 98, 150, 124, 61, 89, 149, 104, 187, 156, 170, 164, 141, 192]
[66, 157, 192, 63, 174, 6, 185, 44, 184, 26, 135, 89, 171, 103, 47, 104, 48, 166, 84]
