[134, 112, 159, 3, 184, 173, 76, 89, 75, 104, 27, 141, 55, 17, 189, 168, 169, 48, 156, 196]
[189, 158, 174, 111, 61, 150, 46, 113, 37, 153, 92, 106, 33, 118, 60, 181, 41, 17, 163, 196]
[86, 62, 156, 169, 63, 73, 157, 104, 118, 16, 93, 194, 137, 101, 133, 37, 158, 134, 108, 196]
[76, 196, 177, 104, 110, 11, 66, 55, 102, 125, 9, 170, 143, 62, 147, 16, 75, 189, 194]
[61, 73, 17, 163, 90, 37, 9, 38, 181, 92, 114, 141, 8, 134, 62, 142, 161, 33, 156, 196]
[65, 150, 194, 55, 111, 92, 76, 165, 38, 27, 62, 68, 22, 91, 121, 17, 47, 141, 30, 196]
[71, 101, 148, 78, 194, 192, 108, 153, 74, 119, 92, 22, 24, 110, 69, 23, 191, 14, 11, 196]
[50, 178, 119, 160, 106, 27, 65, 194, 167, 101, 41, 163, 17, 75, 71, 151, 57, 139, 92, 196]
[43, 190, 51, 161, 134, 90, 196, 30, 110, 38, 42, 106, 57, 37, 36, 181, 119, 116, 101]
[139, 77, 113, 165, 68, 52, 132, 143, 33, 118, 101, 191, 75, 37, 160, 158, 106, 74, 44, 196]
[62, 138, 77, 132, 150, 30, 133, 69, 102, 120, 72, 61, 51, 101, 32, 191, 110, 184, 195, 196]
[41, 61, 40, 23, 55, 82, 106, 163, 172, 47, 16, 186, 49, 113, 150, 66, 93, 191, 90, 196]
[68, 65, 178, 14, 188, 31, 45, 121, 137, 172, 111, 23, 49, 81, 16, 151, 191, 153, 38, 196]
[165, 114, 17, 181, 23, 113, 104, 52, 55, 161, 63, 110, 68, 72, 191, 151, 108, 21, 119, 196]
[93, 161, 118, 30, 102, 49, 195, 132, 55, 145, 137, 36, 106, 187, 63, 86, 143, 90, 47, 196]
[194, 88, 93, 156, 157, 67, 190, 41, 14, 121, 184, 73, 158, 153, 40, 78, 172, 151, 82, 196]
