[12, 153, 25, 0, 161, 59, 84, 113, 76, 60, 159, 111, 136, 155, 100, 14, 110, 156, 107, 194]
[149, 146, 174, 91, 72, 144, 153, 73, 181, 46, 179, 117, 21, 38, 132, 43, 40, 50, 14, 194]
[23, 90, 84, 20, 118, 119, 163, 179, 124, 77, 152, 47, 48, 35, 187, 39, 46, 121, 12, 194]
[25, 141, 121, 123, 148, 187, 73, 190, 74, 14, 175, 153, 5, 65, 59, 50, 156, 60, 101, 194]
[177, 192, 155, 40, 144, 98, 119, 48, 74, 25, 73, 159, 3, 121, 69, 178, 47, 145, 173, 194]
[68, 158, 60, 163, 113, 59, 93, 111, 21, 53, 64, 31, 136, 177, 47, 7, 161, 143, 118, 194]
[27, 176, 68, 41, 61, 160, 12, 150, 156, 151, 158, 39, 72, 117, 22, 175, 76, 6, 17, 194]
[14, 64, 155, 172, 175, 106, 58, 192, 131, 67, 190, 60, 53, 84, 40, 147, 18, 22, 160, 194]
[41, 142, 194, 62, 155, 163, 129, 180, 178, 80, 132, 143, 117, 148, 65, 190, 73, 60, 106]
[0, 6, 117, 59, 139, 84, 8, 65, 194, 163, 166, 98, 119, 18, 155, 147, 107, 192, 177]
