[45, 156, 30, 36, 162, 179, 85, 54, 140, 41, 65, 172, 26, 187, 16, 148, 100, 46, 119, 192]
[158, 39, 188, 156, 142, 65, 49, 124, 26, 148, 28, 8, 184, 69, 183, 150, 174, 27, 24, 192]
[29, 81, 121, 19, 44, 67, 35, 185, 189, 174, 180, 45, 156, 68, 157, 149, 21, 32, 153, 192]
[70, 178, 112, 81, 173, 33, 117, 185, 102, 28, 127, 172, 17, 191, 156, 25, 174, 184, 159, 192]
[134, 25, 112, 173, 159, 77, 149, 180, 17, 78, 18, 0, 27, 163, 188, 184, 140, 29, 131, 192]
[101, 83, 191, 161, 2, 143, 127, 129, 85, 176, 120, 148, 26, 43, 39, 132, 71, 134, 70, 192]
[133, 82, 150, 175, 19, 153, 81, 40, 23, 17, 68, 78, 140, 35, 92, 31, 172, 70, 27, 192]
[157, 38, 85, 64, 29, 17, 27, 87, 141, 39, 30, 102, 47, 118, 133, 19, 121, 159, 160, 192]
[129, 142, 158, 66, 101, 102, 35, 140, 188, 44, 133, 83, 71, 174, 132, 28, 176, 148, 173, 192]
[22, 101, 65, 119, 64, 172, 19, 70, 82, 68, 116, 124, 24, 86, 87, 67, 44, 140, 176, 192]
[125, 188, 109, 18, 3, 112, 156, 142, 157, 130, 27, 159, 185, 124, 149, 172, 68, 181, 158, 192]
[148, 81, 68, 187, 17, 33, 92, 112, 78, 47, 175, 121, 188, 172, 86, 156, 79, 29, 118, 192]
[68, 67, 163, 10, 118, 133, 50, 185, 148, 81, 190, 71, 179, 38, 78, 35, 141, 114, 24, 192]
[187, 103, 148, 112, 135, 191, 2, 185, 29, 178, 22, 35, 24, 68, 10, 19, 26, 82, 150, 192]
[77, 67, 8, 125, 37, 156, 46, 163, 118, 21, 53, 161, 76, 17, 78, 30, 39, 176, 83, 192]
[140, 49, 117, 125, 116, 36, 53, 124, 32, 178, 86, 0, 191, 172, 38, 78, 43, 35, 30, 192]
[29, 184, 77, 24, 81, 9, 181, 40, 39, 69, 22, 160, 10, 149, 8, 141, 150, 43, 157, 192]
[119, 140, 81, 50, 86, 143, 133, 127, 156, 141, 39, 53, 114, 69, 125, 33, 47, 117, 3, 192]
[173, 141, 190, 163, 70, 1, 17, 27, 39, 40, 123, 178, 188, 114, 142, 87, 125, 76, 32, 192]
[125, 81, 53, 76, 18, 119, 101, 32, 70, 114, 28, 37, 173, 86, 78, 27, 0, 36, 17, 192]
[77, 16, 76, 43, 31, 161, 34, 86, 141, 179, 85, 40, 191, 50, 68, 49, 156, 178, 26, 192]
[27, 0, 17, 31, 16, 46, 67, 119, 24, 64, 22, 19, 38, 68, 187, 121, 43, 29, 178, 192]
[173, 27, 140, 118, 158, 0, 64, 116, 33, 149, 103, 87, 179, 79, 40, 30, 50, 192, 182]
[74, 158, 39, 1, 17, 188, 8, 67, 70, 92, 121, 28, 27, 184, 64, 3, 82, 178, 40, 192]
[47, 173, 64, 19, 82, 24, 116, 37, 35, 46, 28, 175, 144, 122, 156, 100, 34, 192, 40]
[83, 70, 149, 174, 179, 119, 52, 77, 187, 123, 156, 85, 160, 192, 19, 79, 37, 64, 78]
[125, 135, 80, 92, 179, 160, 172, 118, 133, 43, 121, 49, 14, 141, 81, 69, 76, 143, 112, 192]
[173, 33, 74, 78, 28, 16, 122, 140, 113, 121, 161, 14, 26, 192, 119, 191, 133, 0, 178]
[158, 191, 188, 41, 125, 74, 31, 18, 21, 121, 9, 103, 70, 26, 86, 112, 82, 24, 192]
[41, 86, 181, 68, 192, 77, 18, 98, 187, 46, 174, 27, 143, 125, 115, 64, 184, 133, 85]
[124, 98, 82, 162, 121, 181, 68, 69, 83, 9, 40, 35, 78, 168, 14, 36, 67, 33, 70, 192]
[24, 36, 67, 85, 18, 178, 27, 29, 82, 68, 0, 14, 9, 133, 127, 118, 30, 113, 117, 192]
[123, 86, 29, 156, 85, 43, 31, 184, 144, 21, 179, 80, 40, 190, 178, 17, 19, 112, 46, 192]
[8, 70, 162, 158, 174, 17, 16, 161, 27, 43, 103, 30, 123, 26, 31, 98, 181, 22, 179, 192]
[162, 0, 192, 81, 18, 149, 117, 118, 70, 123, 32, 181, 78, 46, 119, 14, 115, 124, 158]
[46, 141, 37, 116, 14, 178, 28, 99, 0, 191, 119, 40, 1, 85, 43, 135, 161, 21, 188, 192]
[192, 31, 149, 77, 0, 39, 24, 168, 83, 47, 14, 38, 117, 182, 174, 162, 53, 22, 132]
[21, 85, 53, 9, 117, 81, 113, 173, 40, 36, 38, 17, 136, 19, 67, 135, 132, 149, 160, 192]
[53, 0, 32, 28, 80, 76, 68, 41, 47, 117, 43, 26, 18, 191, 67, 113, 29, 158, 40, 192]
[19, 16, 179, 53, 143, 188, 124, 22, 42, 67, 77, 182, 37, 176, 54, 141, 160, 36, 98, 192]
[119, 47, 39, 78, 14, 141, 168, 118, 173, 143, 161, 190, 184, 74, 68, 69, 140, 99, 123, 192]
[112, 27, 158, 31, 26, 156, 49, 176, 14, 191, 53, 1, 115, 119, 32, 86, 42, 50, 80, 192]
[119, 42, 162, 24, 81, 77, 176, 9, 38, 31, 8, 158, 124, 113, 143, 14, 188, 49, 182, 192]
[78, 81, 178, 190, 158, 70, 121, 124, 17, 46, 29, 103, 141, 32, 118, 123, 0, 79, 28, 192]
[158, 176, 78, 136, 50, 140, 39, 122, 135, 26, 121, 118, 32, 68, 187, 191, 184, 69, 42, 192]
[11, 77, 34, 82, 64, 29, 86, 81, 119, 76, 24, 123, 192, 19, 16, 28, 36, 37, 47]
[53, 118, 39, 127, 119, 19, 50, 82, 168, 49, 28, 192, 9, 116, 173, 191, 113, 136, 156]
[43, 83, 126, 36, 30, 42, 49, 39, 50, 27, 150, 135, 191, 141, 116, 28, 127, 113, 2, 192]
[9, 8, 150, 46, 115, 18, 38, 140, 54, 37, 24, 75, 187, 127, 176, 36, 2, 132, 40, 192]
[64, 43, 135, 98, 140, 101, 26, 113, 17, 42, 47, 162, 76, 8, 18, 9, 143, 22, 34, 192]
[99, 49, 123, 0, 187, 82, 115, 68, 86, 192, 9, 116, 143, 158, 39, 126, 17, 14, 191]
[79, 1, 136, 124, 169, 54, 137, 47, 193, 31, 37, 33, 119, 3, 141, 113, 70, 159, 20]
[83, 128, 120, 47, 188, 76, 169, 86, 40, 192, 18, 142, 31, 183, 3, 9, 104, 43, 38, 193]
[191, 192, 177, 133, 50, 39, 118, 128, 23, 144, 159, 157, 25, 22, 163, 44, 32, 71, 137, 193]
[151, 99, 37, 40, 18, 47, 118, 114, 188, 179, 163, 25, 53, 174, 80, 68, 23, 86, 51, 193]
[104, 25, 134, 43, 18, 53, 118, 1, 137, 55, 87, 9, 31, 69, 79, 38, 86, 28, 116, 193]
[33, 77, 81, 69, 141, 15, 4, 185, 30, 28, 17, 80, 27, 79, 40, 54, 159, 114, 29, 193]
[27, 118, 12, 31, 70, 32, 9, 144, 15, 4, 68, 141, 34, 136, 192, 76, 29, 38, 99, 193]
[25, 116, 100, 77, 34, 128, 47, 163, 10, 1, 162, 23, 18, 114, 183, 113, 9, 141, 99, 193]
[185, 53, 20, 23, 18, 120, 19, 3, 27, 55, 162, 101, 10, 65, 134, 51, 142, 47, 124, 193]
[28, 33, 53, 71, 104, 191, 116, 30, 35, 136, 43, 183, 68, 179, 185, 76, 159, 163, 42, 193]
[37, 104, 32, 15, 102, 183, 123, 18, 191, 28, 141, 142, 24, 13, 30, 54, 71, 69, 12, 193]
[86, 46, 12, 114, 192, 82, 78, 119, 75, 27, 0, 10, 31, 76, 71, 43, 189, 47, 188, 193]
[174, 70, 29, 30, 101, 142, 179, 1, 42, 113, 51, 80, 19, 193, 47, 79, 69, 192, 169]
[23, 25, 4, 32, 134, 1, 159, 53, 47, 141, 142, 192, 41, 186, 100, 162, 81, 43, 19, 193]
[53, 0, 191, 23, 114, 10, 71, 39, 119, 4, 25, 185, 137, 75, 81, 27, 55, 31, 123, 193]
[18, 3, 29, 83, 142, 186, 39, 71, 144, 100, 72, 54, 136, 53, 76, 163, 28, 124, 179, 193]
[188, 70, 79, 134, 118, 13, 27, 40, 83, 114, 125, 0, 169, 54, 3, 136, 128, 20, 82, 193]
[76, 169, 38, 44, 122, 9, 142, 84, 32, 137, 47, 75, 185, 10, 191, 68, 35, 30, 15, 193]
