[21, 146, 153, 143, 100, 155, 179, 80, 50, 77, 72, 104, 60, 12, 182, 29, 20, 55, 16, 194]
[43, 2, 142, 119, 126, 150, 44, 186, 155, 143, 20, 29, 116, 77, 123, 164, 132, 117, 21, 194]
[161, 70, 179, 34, 5, 35, 136, 73, 17, 184, 151, 174, 32, 39, 25, 104, 21, 28, 0, 194]
[80, 42, 34, 144, 111, 44, 117, 55, 103, 2, 168, 158, 77, 98, 70, 136, 21, 51, 145, 194]
[181, 146, 34, 22, 144, 4, 185, 79, 76, 27, 189, 38, 78, 72, 43, 160, 28, 23, 41, 194]
[116, 40, 144, 30, 27, 33, 101, 100, 51, 185, 174, 117, 36, 118, 31, 159, 193, 87, 83, 194]
[126, 116, 123, 78, 174, 51, 117, 2, 87, 134, 66, 142, 119, 68, 54, 49, 152, 114, 146, 194]
[177, 76, 89, 28, 165, 143, 13, 42, 111, 159, 118, 193, 158, 29, 137, 185, 81, 175, 34, 194]
[146, 117, 131, 39, 190, 42, 193, 49, 87, 137, 41, 189, 70, 142, 121, 52, 73, 77, 119, 194]
[30, 163, 55, 48, 181, 177, 111, 81, 193, 2, 70, 164, 131, 115, 80, 89, 88, 116, 118, 194]
[13, 77, 194, 111, 27, 38, 87, 94, 48, 192, 18, 35, 55, 66, 29, 39, 79, 81, 30]
[85, 115, 179, 37, 192, 11, 71, 13, 126, 45, 18, 55, 175, 178, 194, 42, 105, 185, 177]
[80, 145, 16, 111, 177, 48, 189, 174, 194, 118, 121, 26, 116, 126, 78, 175, 18, 193, 46]
[43, 80, 13, 24, 88, 11, 0, 187, 164, 192, 69, 143, 120, 142, 178, 193, 115, 177, 14, 194]
[10, 128, 78, 19, 37, 81, 66, 146, 38, 143, 79, 43, 42, 185, 116, 56, 35, 23, 29, 194]
[165, 117, 72, 73, 142, 14, 160, 163, 56, 18, 24, 164, 179, 87, 44, 33, 38, 105, 184, 194]
