[33, 75, 183, 93, 179, 175, 24, 71, 188, 32, 119, 148, 47, 44, 35, 176, 162, 135, 160, 192]
[66, 180, 45, 120, 141, 136, 173, 184, 144, 117, 178, 100, 161, 185, 18, 159, 190, 76, 30, 193]
[176, 159, 185, 36, 149, 33, 30, 145, 136, 151, 72, 150, 188, 86, 100, 161, 186, 45, 143, 193]
[76, 38, 32, 190, 163, 151, 191, 158, 88, 159, 161, 2, 101, 48, 44, 19, 192, 79, 41, 193]
[40, 130, 103, 192, 182, 42, 82, 142, 48, 71, 26, 44, 32, 17, 122, 102, 22, 117, 23, 193]
[67, 22, 37, 54, 45, 51, 29, 1, 190, 133, 188, 79, 83, 177, 185, 30, 162, 181, 82, 193]
[83, 159, 133, 72, 41, 101, 35, 29, 17, 181, 30, 26, 34, 177, 50, 103, 69, 173, 150, 193]
[157, 158, 117, 159, 119, 79, 120, 152, 115, 84, 29, 110, 163, 177, 128, 66, 24, 181, 69, 193]
[70, 159, 130, 175, 143, 84, 180, 193, 122, 34, 37, 190, 22, 78, 48, 41, 11, 128, 134]
[84, 142, 93, 35, 184, 31, 42, 83, 144, 22, 28, 37, 33, 18, 66, 163, 32, 116, 45, 193]
[1, 22, 19, 10, 117, 82, 174, 159, 54, 87, 83, 47, 145, 84, 192, 69, 66, 45, 70, 193]
[9, 189, 86, 30, 118, 175, 69, 163, 125, 29, 144, 47, 158, 68, 83, 27, 65, 23, 185, 193]
[77, 41, 113, 174, 44, 78, 119, 27, 189, 173, 83, 40, 107, 68, 164, 87, 192, 9, 191, 193]
[1, 67, 87, 126, 47, 34, 10, 69, 72, 79, 118, 179, 28, 50, 159, 36, 48, 161, 71, 193]
[192, 142, 126, 25, 130, 71, 94, 45, 143, 48, 28, 29, 184, 93, 20, 38, 47, 176, 31, 193]
[193, 116, 130, 192, 180, 69, 163, 67, 31, 175, 142, 42, 35, 17, 19, 173, 109, 9, 44]
[25, 30, 71, 4, 23, 44, 33, 37, 86, 157, 180, 70, 150, 18, 20, 193, 107, 80, 72]
[189, 163, 161, 179, 77, 31, 72, 193, 150, 79, 65, 174, 20, 39, 144, 9, 41, 32, 180]
