[87, 70, 176, 43, 112, 39, 19, 135, 93, 78, 173, 53, 46, 114, 66, 184, 75, 116, 100, 192]
[162, 42, 77, 15, 58, 17, 172, 24, 182, 81, 156, 119, 33, 100, 148, 163, 78, 21, 174, 192]
[75, 64, 143, 19, 162, 81, 159, 174, 70, 41, 0, 124, 18, 157, 102, 71, 140, 187, 117, 192]
[21, 83, 16, 100, 182, 187, 184, 99, 158, 129, 46, 156, 112, 17, 102, 25, 161, 160, 70, 192]
[177, 37, 183, 0, 121, 175, 17, 141, 41, 14, 40, 117, 112, 188, 78, 162, 76, 85, 10, 192]
[28, 149, 188, 34, 129, 16, 86, 189, 99, 31, 124, 187, 161, 10, 87, 30, 43, 9, 68, 192]
[31, 185, 163, 18, 46, 112, 115, 26, 189, 100, 99, 40, 8, 64, 191, 187, 188, 156, 149, 192]
[50, 30, 39, 64, 81, 31, 142, 26, 125, 18, 85, 17, 28, 66, 83, 34, 187, 101, 76, 192]
[32, 68, 64, 150, 112, 81, 149, 47, 142, 183, 119, 190, 158, 125, 175, 129, 144, 184, 187, 192]
[18, 192, 158, 9, 78, 46, 31, 33, 70, 125, 179, 40, 30, 131, 50, 29, 118, 53, 99]
[70, 46, 127, 37, 192, 99, 71, 78, 8, 175, 41, 118, 77, 149, 161, 36, 156, 117, 101]
[47, 86, 36, 181, 190, 67, 163, 172, 150, 31, 112, 125, 179, 175, 176, 100, 25, 129, 119, 192]
[127, 19, 49, 172, 117, 161, 35, 47, 78, 142, 181, 116, 9, 192, 33, 77, 149, 70, 118]
[124, 14, 161, 9, 43, 31, 69, 47, 173, 175, 160, 32, 177, 40, 68, 35, 112, 121, 156, 192]
[121, 81, 26, 71, 39, 35, 99, 30, 32, 28, 190, 173, 188, 77, 27, 177, 100, 31, 70, 192]
[83, 64, 40, 190, 185, 116, 176, 33, 99, 22, 188, 46, 18, 34, 162, 49, 141, 39, 75, 192]
[176, 26, 39, 35, 116, 140, 31, 184, 82, 53, 150, 33, 161, 28, 50, 27, 19, 121, 32, 192]
[123, 30, 25, 157, 192, 112, 37, 121, 191, 100, 85, 181, 81, 99, 175, 141, 87, 75, 32]
[21, 37, 31, 129, 27, 175, 66, 40, 140, 150, 39, 117, 28, 32, 114, 83, 86, 41, 68, 192]
