[191, 72, 132, 164, 41, 170, 45, 110, 150, 156, 57, 198, 151, 126, 131, 142, 86, 46, 10, 25, 199]
[46, 164, 78, 156, 68, 13, 36, 81, 154, 65, 80, 23, 118, 6, 166, 165, 186, 72, 199, 116]
[32, 158, 54, 192, 81, 22, 20, 45, 150, 199, 186, 60, 141, 137, 4, 197, 92, 1, 155, 73]
[45, 155, 19, 129, 109, 150, 111, 197, 92, 77, 167, 177, 78, 46, 1, 72, 148, 89, 17, 157, 199]
[26, 12, 45, 3, 1, 171, 181, 65, 20, 96, 147, 167, 161, 148, 103, 64, 2, 72, 79, 78, 199]
[98, 22, 91, 181, 36, 55, 116, 109, 88, 146, 111, 77, 3, 23, 135, 72, 164, 182, 157, 160, 199]
[13, 19, 145, 96, 74, 142, 166, 72, 165, 26, 164, 173, 38, 157, 111, 151, 158, 53, 17, 194, 199]
[7, 128, 93, 137, 194, 186, 27, 74, 136, 161, 39, 183, 105, 57, 171, 17, 38, 164, 167, 149, 199]
[155, 39, 125, 137, 156, 78, 146, 160, 149, 194, 89, 180, 36, 28, 55, 182, 93, 123, 57, 166, 199]
[64, 89, 7, 182, 194, 126, 142, 47, 186, 92, 51, 160, 140, 137, 43, 129, 125, 56, 19, 53, 199]
[52, 37, 7, 184, 193, 167, 47, 181, 56, 142, 27, 41, 44, 156, 138, 61, 79, 36, 199, 152, 200]
[157, 73, 193, 49, 41, 36, 61, 170, 129, 141, 149, 195, 106, 94, 54, 48, 25, 23, 59, 168, 200]
[118, 55, 89, 7, 100, 169, 41, 33, 8, 152, 34, 196, 78, 61, 143, 124, 166, 29, 44, 65, 200]
[175, 29, 119, 189, 150, 87, 44, 78, 161, 160, 99, 71, 66, 28, 24, 135, 46, 144, 17, 192]
[47, 149, 46, 132, 180, 33, 65, 148, 114, 144, 10, 100, 70, 175, 82, 78, 142, 15, 21, 192]
[99, 156, 43, 144, 191, 150, 149, 19, 180, 141, 70, 132, 142, 38, 114, 153, 21, 49, 37, 192]
[122, 162, 180, 28, 178, 26, 159, 16, 99, 118, 43, 144, 100, 124, 114, 142, 175, 50, 41, 192]
[154, 40, 159, 72, 0, 4, 189, 113, 102, 82, 18, 30, 173, 135, 51, 3, 119, 47, 34, 193]
[31, 76, 18, 75, 120, 134, 161, 158, 119, 86, 42, 144, 83, 44, 188, 181, 145, 182, 154, 193]
[45, 35, 185, 100, 181, 162, 176, 65, 46, 75, 70, 34, 180, 40, 189, 38, 47, 15, 72, 193]
[174, 30, 191, 113, 79, 66, 180, 70, 188, 57, 29, 181, 189, 101, 48, 17, 1, 149, 87, 193]
[18, 128, 33, 157, 185, 159, 38, 65, 130, 51, 35, 1, 86, 102, 42, 88, 40, 70, 101, 193]
[20, 181, 188, 113, 130, 84, 154, 22, 162, 28, 175, 39, 132, 69, 47, 72, 38, 76, 17, 193]
[29, 39, 82, 79, 133, 188, 34, 177, 40, 84, 35, 69, 86, 159, 1, 50, 164, 76, 37, 193]
[72, 101, 179, 134, 27, 174, 34, 76, 30, 100, 181, 157, 125, 145, 185, 57, 116, 144, 83, 193]
[69, 116, 79, 133, 155, 143, 54, 162, 100, 33, 102, 88, 185, 38, 141, 128, 68, 82, 189, 193]
[37, 173, 100, 1, 192, 174, 130, 68, 184, 128, 42, 39, 47, 15, 159, 34, 136, 134, 50, 193]
[9, 151, 120, 18, 88, 38, 143, 162, 10, 47, 22, 175, 145, 174, 72, 39, 32, 1, 142, 193]
[145, 22, 173, 162, 19, 9, 100, 174, 45, 18, 17, 46, 37, 125, 116, 178, 32, 41, 120, 193]
[113, 94, 193, 66, 11, 175, 125, 50, 86, 15, 136, 35, 143, 26, 1, 164, 28, 132, 41]
[125, 175, 94, 117, 113, 136, 26, 100, 44, 32, 33, 45, 18, 102, 40, 134, 1, 193, 151]
[158, 125, 136, 65, 66, 185, 28, 173, 29, 9, 163, 82, 159, 161, 27, 44, 84, 142, 79, 193]
[117, 65, 113, 10, 136, 177, 159, 179, 163, 70, 37, 84, 174, 134, 71, 33, 161, 157, 142, 193]
[151, 176, 2, 20, 86, 65, 68, 118, 29, 31, 28, 134, 76, 88, 178, 161, 184, 145, 102, 193]
[0, 174, 44, 188, 142, 184, 185, 151, 1, 20, 150, 30, 11, 47, 161, 116, 41, 86, 68, 193]
[48, 10, 143, 119, 164, 68, 188, 84, 145, 141, 104, 182, 185, 150, 77, 136, 86, 162, 159, 193]
[54, 38, 158, 42, 180, 143, 70, 31, 122, 141, 34, 174, 96, 189, 87, 84, 182, 35, 193]
[132, 68, 11, 28, 113, 79, 82, 142, 189, 86, 178, 134, 119, 184, 27, 104, 1, 192, 157, 193]
