[262, 182, 118, 373, 186, 327, 121, 340, 19, 188, 153, 316, 179, 351, 330, 155, 135, 252, 297, 228, 281, 214, 367, 80, 91, 140, 375, 365, 385, 315, 398, 259, 122, 167, 312, 106, 242, 129, 341, 208, 407, 413]
[244, 25, 407, 168, 39, 21, 237, 160, 204, 267, 348, 115, 82, 287, 153, 144, 118, 37, 385, 310, 72, 275, 220, 50, 202, 183, 46, 0, 338, 373, 301, 60, 97, 374, 214, 105, 70, 51, 117, 194, 130, 413]
[222, 364, 8, 297, 163, 352, 285, 14, 338, 215, 140, 270, 53, 299, 228, 244, 155, 31, 386, 131, 294, 383, 123, 305, 94, 23, 226, 214, 389, 277, 166, 130, 382, 24, 293, 287, 385, 48, 0, 162, 98, 413]
[265, 330, 319, 294, 382, 82, 97, 50, 249, 259, 380, 137, 94, 381, 222, 37, 223, 131, 188, 118, 375, 311, 143, 104, 253, 140, 84, 213, 77, 129, 239, 270, 201, 328, 88, 85, 256, 276, 17, 386, 178, 413]
[16, 177, 391, 188, 45, 252, 68, 298, 94, 262, 183, 13, 314, 223, 164, 166, 366, 25, 178, 76, 43, 157, 305, 259, 8, 352, 338, 203, 325, 197, 294, 129, 236, 115, 140, 104, 334, 295, 235, 207, 239, 413]
[20, 118, 369, 373, 408, 312, 106, 117, 55, 200, 9, 218, 68, 366, 24, 67, 63, 230, 295, 130, 398, 391, 289, 262, 90, 208, 178, 325, 39, 37, 77, 302, 350, 36, 252, 365, 390, 364, 264, 164, 123, 413]
[298, 407, 220, 1, 265, 346, 0, 237, 228, 104, 67, 163, 413, 13, 255, 182, 275, 3, 17, 264, 208, 383, 53, 188, 164, 45, 296, 94, 389, 178, 91, 150, 321, 352, 168, 19, 59, 201, 31, 176, 166]
[87, 85, 299, 412, 203, 239, 298, 215, 201, 343, 59, 407, 268, 380, 320, 160, 297, 237, 326, 387, 375, 22, 188, 285, 150, 176, 313, 167, 162, 364, 379, 321, 256, 276, 130, 84, 330, 31, 147, 249, 310, 413]
[165, 37, 386, 237, 31, 202, 164, 104, 319, 264, 43, 194, 346, 157, 296, 325, 311, 383, 275, 88, 94, 259, 147, 68, 343, 155, 138, 67, 82, 262, 408, 213, 160, 44, 60, 178, 70, 406, 130, 77, 407, 413]
[124, 117, 176, 351, 352, 268, 284, 69, 1, 48, 58, 409, 333, 118, 70, 140, 203, 348, 374, 28, 45, 90, 68, 147, 166, 315, 60, 130, 222, 321, 241, 373, 153, 265, 314, 168, 89, 83, 123, 13, 276, 413]
[91, 236, 80, 95, 147, 164, 169, 268, 215, 30, 8, 123, 16, 375, 350, 28, 326, 333, 241, 222, 285, 168, 92, 255, 69, 162, 36, 19, 252, 302, 329, 220, 278, 212, 226, 276, 244, 275, 21, 118, 106, 413]
[268, 391, 201, 37, 226, 398, 408, 249, 379, 144, 186, 31, 147, 205, 88, 98, 14, 225, 389, 176, 70, 278, 43, 333, 295, 53, 124, 167, 325, 289, 36, 385, 30, 0, 407, 365, 301, 265, 77, 239, 215, 413]
[334, 200, 348, 16, 387, 391, 205, 68, 166, 412, 3, 385, 35, 363, 321, 140, 110, 386, 48, 214, 76, 30, 177, 56, 264, 58, 380, 402, 19, 215, 157, 230, 407, 168, 91, 176, 55, 350, 330, 297, 88, 413]
[177, 168, 320, 279, 205, 142, 398, 407, 285, 380, 72, 235, 131, 298, 301, 124, 294, 89, 84, 363, 128, 383, 366, 155, 58, 262, 41, 184, 166, 385, 21, 239, 325, 220, 80, 92, 182, 97, 299, 326, 8, 413]
[153, 53, 95, 85, 327, 188, 168, 129, 143, 303, 84, 262, 326, 363, 13, 48, 164, 123, 140, 222, 72, 407, 208, 183, 69, 295, 348, 387, 373, 301, 1, 273, 202, 104, 194, 60, 226, 138, 321, 77, 28, 413]
[140, 305, 167, 183, 70, 402, 299, 44, 316, 130, 3, 289, 14, 413, 91, 387, 20, 92, 230, 315, 138, 9, 311, 28, 334, 184, 244, 237, 24, 0, 381, 346, 31, 285, 58, 82, 298, 303, 157, 97, 375]
