[159, 25, 77, 104, 161, 59, 110, 61, 132, 153, 111, 136, 156, 113, 12, 107, 85, 14, 100, 194]
[149, 91, 130, 50, 12, 14, 187, 85, 117, 163, 73, 177, 145, 136, 181, 174, 169, 104, 9, 194]
[131, 61, 177, 132, 67, 152, 155, 187, 63, 111, 159, 18, 47, 20, 113, 14, 181, 153, 176, 194]
[148, 104, 106, 85, 132, 8, 120, 130, 76, 81, 192, 63, 61, 62, 77, 46, 48, 123, 33, 194]
[190, 12, 0, 120, 168, 136, 123, 68, 131, 92, 157, 152, 175, 178, 161, 141, 106, 130, 77, 194]
[172, 68, 169, 167, 76, 18, 46, 7, 104, 85, 89, 139, 65, 153, 49, 69, 144, 107, 121, 194]
[46, 69, 49, 90, 176, 59, 0, 7, 147, 74, 12, 113, 152, 116, 81, 130, 101, 75, 53, 194]
[76, 192, 68, 132, 27, 144, 22, 87, 89, 46, 100, 69, 173, 60, 8, 171, 12, 145, 130, 194]
[58, 12, 22, 187, 136, 9, 191, 27, 169, 123, 101, 90, 175, 173, 155, 144, 65, 93, 53, 194]
[129, 50, 46, 61, 145, 152, 147, 157, 132, 171, 90, 49, 70, 192, 53, 0, 3, 99, 68, 194]
[159, 7, 69, 12, 128, 98, 81, 17, 14, 152, 116, 46, 5, 139, 64, 70, 107, 100, 65, 194]
[87, 47, 68, 90, 62, 175, 159, 89, 85, 15, 153, 106, 91, 147, 64, 53, 12, 25, 128, 194]
