828.1940604597763 828.1940604597763 0.0
13.779843430569542 13.779843430569542 0.0
0.021525425988348224 0.021525425988348224 0.0
5.90718095972445 5.90718095972445 0.0
2.797814219535006 2.797814219535006 0.0
4.786805212089806 4.786805212089806 0.0
13.564298992219769 13.564298992219769 0.0
7.010246457212055 7.010246457212055 0.0
20.13431449575213 20.13431449575213 0.0
62.89211716398211 62.89211716398211 0.0
117.09302920742144 117.09302920742144 0.0
116.12551328682866 97.59314939426449 18.532363892564177
115.48978985689146 109.50078059567858 5.989009261212885
[100.13298119] 98.71853098300056 [1.4144502]
[93.38574281] 90.31562779438141 [3.07011502]
71.67518848177133 64.59009583196209 7.085092649809241
94.36901336344172 93.02314813900998 1.3458652244317477
112.80704714001041 112.05975396600309 0.747293174007325
68.17954330509946 51.780846715232144 16.398696589867313
77.79135342178228 [77.79135342] [0.]
62.19372722960969 43.83070157258422 18.363025657025474
49.86517701408479 46.797367444871895 3.0678095692128977
[33.90068963] 30.794650860185342 [3.10603877]
[87.43863977] [87.43863977] [0.]
31.2921593126582 27.13453093745038 4.157628375207821
45.81515638169955 45.81515638169955 0.0
[50.03365347] 44.80963299138318 [5.22402048]
[33.89084707] [33.89084707] [0.]
23.002749683126822 22.450202995880034 0.5525466872467888
27.241620466126165 25.208787515294418 2.0328329508317466
[20.35739533] 19.498623707105736 [0.85877163]
29.49796812424853 [28.54278103] [0.9551871]
20.910269709659886 20.246251494954393 0.6640182147054929
[49.19497078] 41.48082928780498 [7.71414149]
[44.41109183] 23.734638389748184 [20.67645344]
[45.55727491] 42.2811548813043 [3.27612003]
27.61643079936556 [27.27574987] [0.34068093]
13.798595014819313 12.56089916046406 1.2376958543552519
8.361117912938099 8.124930629471628 0.2361872834664709
16.346301100933175 14.715618464618117 1.6306826363150577
[22.53593214] 22.38515995945764 [0.15077218]
52.625747941199904 51.54244274657796 1.0833051946219427
[31.07049581] [22.7083252] [8.36217061]
[13.89444585] [12.26593578] [1.62851006]
38.319480081891896 [35.34949396] [2.96998612]
[48.0796448] [32.97923691] [15.10040789]
[29.94681548] 21.418645540585146 [8.52816994]
3.227507963540919 3.227507963540919 0.0
2.0803430621763237 1.6520836255396762 0.42825943663664745
8.129098463314321 [7.53503845] [0.59406002]
35.34199455804233 [31.89501244] [3.44698212]
[11.82456911] 10.221244447230866 [1.60332467]
[6.50895982] 5.37468082405006 [1.13427899]
34.56469753749131 30.70464021794433 3.860057319546982
[41.56590217] [36.35954477] [5.2063574]
26.003245058422692 25.268833336462038 0.7344117219606545
27.752516450173047 27.752516450173047 0.0
[4.38608408] [4.03841495] [0.34766913]
[21.13731477] 8.144228655287584 [12.99308611]
[42.58868135] [39.81604237] [2.77263898]
[30.92064982] 29.541874753165956 [1.37877507]
[39.78463633] [19.34715824] [20.43747809]
47.13972392792783 [43.35521] [3.78451393]
18.161063480466765 [14.76358222] [3.39748126]
[39.63148706] [35.49059719] [4.14088987]
44.85279502876722 35.692348910846576 9.160446117920642
[28.930318] 28.24543081835138 [0.68488718]
7.345339175355612 4.819232283077437 2.5261068922781753
[50.54178896] 42.9409046827754 [7.60088428]
18.028921159436877 8.619210397099565 9.409710762337312
16.86615122979751 [14.6949636] [2.17118763]
[12.21287343] 7.75576175731711 [4.45711167]
15.4418231114513 [13.60021852] [1.84160459]
[22.55275646] [4.21640423] [18.33635223]
[7.00314849] [5.40922604] [1.59392245]
[9.39447831] [7.45436962] [1.94010868]
[13.59772385] [4.20910353] [9.38862032]
11.981558543987397 11.812937118129518 0.16862142585787865
[9.09384938] 8.028240735684868 [1.06560864]
[14.28083823] 14.149570861244818 [0.13126737]
2.582315954178746 1.9920669687689117 0.5902489854098345
[1.5329171] [1.23986498] [0.29305212]
8.048634259399947 [7.72987252] [0.31876174]
[10.53990834] 7.735958414476492 [2.80394992]
7.410537259122584 4.233466455009122 3.1770708041134625
[11.73775552] 7.8624525270535415 [3.87530299]
6.738566642886518 [4.87513656] [1.86343009]
6.910616024192514 6.421514629119571 0.48910139507294303
[4.63928777] 3.926395448266206 [0.71289232]
14.959441893624103 [13.08467801] [1.87476389]
3.802958124997957 3.4424738635229026 0.3604842614750545
9.27173768780984 4.766812582899931 4.504925104909908
11.998259986221903 11.864423492192216 0.133836494029687
[9.50192353] 8.94937969072484 [0.55254384]
[10.72449962] [10.30765704] [0.41684258]
7.125879960301532 [6.52950245] [0.59637751]
[12.81667325] [12.34865529] [0.46801796]
5.931688865108299 [5.14113279] [0.79055607]
8.947618767403846 7.755999131564991 1.1916196358388547
[26.42527499] 11.267433021118094 [15.15784197]
[9.09425795] 7.86682582196952 [1.22743213]
[9.58488395] [6.51389902] [3.07098493]
[11.08296469] 8.422946590572977 [2.6600181]
4.572645177731513 2.969493154904864 1.6031520228266487
37.50973022060933 [13.18262163] [24.3271086]
[5.66520376] 4.925218076139629 [0.73998569]
[9.52934677] [7.55885513] [1.97049165]
[0.69549961] [0.40574465] [0.28975495]
0.8458392630479317 0.7205472850578651 0.12529197799006653
0.7772499737017888 0.6018991399527946 0.17535083374899418
[8.22707785] 5.020767270133266 [3.20631058]
[3.89681094] [3.53622798] [0.36058296]
[4.67272678] 3.7242629127489124 [0.94846387]
21.103574540183942 16.762112083248937 4.341462456935005
[27.41165247] [23.61950062] [3.79215186]
[13.12020713] 3.0989413014612524 [10.02126583]
[16.31459418] 15.154762541578805 [1.15983163]
[23.18528928] [22.50539518] [0.6798941]
11.436189297898316 [10.47738541] [0.95880389]
15.014281421368011 [13.05677746] [1.95750396]
[5.2224024] 5.009903508117294 [0.21249889]
8.047935692008139 5.880831252510749 2.1671044394973897
7.2835437499436395 7.059794568662596 0.22374918128104326
[24.80848896] 18.683778836156947 [6.12471012]
19.052115931065558 17.999782032001107 1.0523338990644504
9.82796981859321 5.846191948597678 3.9817778699955326
[16.63332407] [11.58115726] [5.05216681]
[7.15214305] [7.11620224] [0.03594081]
52.094082757878596 [38.91425137] [13.17983139]
46.554831002423214 [36.75074133] [9.80408967]
[27.05960955] [25.0280053] [2.03160425]
[21.80800694] [19.60252301] [2.20548393]
[6.87338789] [4.71829795] [2.15508994]
3.859920193576638 3.4825365430762893 0.3773836505003487
12.084084533042493 11.00234527744908 1.081739255593412
[12.87622487] 11.036508090922652 [1.83971678]
[29.21157031] 15.624347961473887 [13.58722235]
5.9335829273436005 5.655947979846665 0.27763494749693507
3.213797957800292 [1.9500791] [1.26371886]
[3.35024211] 2.9817870397836366 [0.36845507]
[9.29634063] 6.505600569263827 [2.79074006]
[39.55987549] [36.5874336] [2.9724419]
[25.2725914] 21.42151293578543 [3.85107847]
11.310764512345699 10.884756348049493 0.42600816429620636
[8.02448842] [6.18935499] [1.83513343]
[2.74028957] 1.9090792780693011 [0.83121029]
10.679376442646358 6.081285636037073 4.598090806609285
[13.64588779] [9.34990436] [4.29598343]
[7.19559693] [4.36872419] [2.82687274]
[15.18342409] 10.8599119414677 [4.32351215]
[7.99408368] 2.87865111428383 [5.11543257]
[9.47665697] 8.194922361884025 [1.2817346]
21.392556608956028 21.392556608956028 0.0
17.59492180786566 16.50289777392662 1.0920240339390404
5.755562815162264 5.501019965766169 0.2545428493960955
32.14456645787651 29.464691085508903 2.6798753723676043
13.823820555612699 12.952365173851526 0.871455381761173
[43.30690265] 31.762259717022957 [11.54464293]
[6.85520735] [6.72523811] [0.12996924]
[10.14072992] [8.69652866] [1.44420126]
11.611425786606617 10.019879183968165 1.5915466026384522
[20.42901588] [16.58115202] [3.84786387]
[13.0909074] [10.49160916] [2.59929825]
[15.34877778] [6.18012678] [9.16865101]
[9.30976842] 8.705441738703136 [0.60432668]
[20.64992644] [12.91853869] [7.73138775]
[17.70137559] [12.78423651] [4.91713907]
[20.36463936] [13.05173281] [7.31290654]
17.731168307999766 [16.88261583] [0.84855247]
[14.52632032] [12.00753871] [2.51878161]
[7.37366417] [7.03327282] [0.34039134]
[22.15724312] [21.18014128] [0.97710184]
[7.60103061] 4.691956180779933 [2.90907443]
[6.53668967] 4.417779265023775 [2.1189104]
[7.7922968] 6.364173913010298 [1.42812289]
[12.36374864] [8.16187113] [4.20187751]
[2.01834882] [1.97187602] [0.0464728]
[3.81837379] 3.500545928568055 [0.31782786]
[4.49093544] [3.74493533] [0.74600012]
[8.24333495] [5.38549025] [2.8578447]
[0.71705435] 0.7122097384664583 [0.00484461]
[3.90720741] [3.01035909] [0.89684832]
13.81296707332556 9.977477374527254 3.8354896987983054
7.391067418687534 7.223694211743108 0.1673732069444256
[14.46866537] 11.064461476425947 [3.40420389]
42.849487604614154 37.48539169316419 5.364095911449965
[16.7090806] [16.17126513] [0.53781548]
[19.67750639] [16.55510583] [3.12240056]
20.638805978939857 16.502571391912042 4.136234587027815
[7.55968472] [6.12272873] [1.436956]
[11.73068756] 3.5413661800565066 [8.18932138]
[12.86270449] 12.734800359751503 [0.12790413]
[14.04196778] [9.56583607] [4.47613171]
[5.87995427] 5.447651316520869 [0.43230295]
[24.90142394] [22.09063174] [2.8107922]
[7.65684073] 5.343074712041428 [2.31376602]
[11.14337498] 8.278978178676908 [2.8643968]
[6.08863889] 4.310089525781311 [1.77854936]
[24.89926255] [9.99666401] [14.90259853]
