[-20422.539545831005]
[-945.9204177896884]
[-1195.5037057128216]
[-1168.5977555132442]
[-994.2772770523447]
[-10118.54023878049]
[-27446.838132639332]
[-1123.5152798090887]
[-1870.670211282923]
[-8740.152368113662]
[-16444.1514805305]
[-20276.38450488995]
[-2757.835045282971]
[-12953.068679192089]
[-18466.81388939267]
[-20971.334112407694]
[-16704.503124335013]
[-23241.38640335173]
[-17803.46466602059]
[-21878.09196763783]
[-7548.923080856819]
None
[-17758.608378344885]
[-19104.416700117323]
[-18628.177807606848]
[-25188.445434962552]
[-16091.971809758847]
[-19879.834345419058]
[-23047.346537823825]
[-3125.342212792492]
[-24907.162251518694]
[-18655.41042780777]
[-25031.080421847157]
[-26851.213822653164]
[-24681.973925933515]
[-24198.332180943937]
None
[-23253.12433551307]
[-23985.188828418115]
[-20134.315423094697]
[-16797.19138912488]
[-25118.83762759786]
[-25869.81253027279]
[-14988.93617772342]
[-24169.318071044436]
None
[-17679.50460411097]
[-24029.52968170989]
[-17252.667167099928]
[-14290.23467561733]
[-21647.91982611376]
[-24907.184467870353]
None
[-16495.835049257756]
[-5871.09256788975]
[-21907.60907233792]
[-17283.396693204475]
[-13049.82754969697]
[-22183.745905009084]
[-8746.336291252332]
[-24096.701484543813]
[-4124.434322418125]
[-23911.18900265635]
[-18465.53977615904]
None
[-24530.54967333076]
[-24296.90456621831]
[-26062.764599199516]
[-27782.720343843557]
[-25263.249656765664]
[-25072.14056137585]
[-26314.971049185875]
None
[-26303.01577301501]
[-25322.017136934508]
[-26728.67513327708]
[-24217.27562392019]
[-10255.21137665251]
[-18353.443746070407]
[-8900.603577976157]
[-27569.9827553804]
[-27019.864281329563]
[-25617.74097040846]
[-2495.76866155516]
[-17659.077593798498]
[-25713.38322048015]
[-20400.184423324506]
[-15763.908950818415]
[-4392.718493570135]
[-25395.049936556894]
None
[-24336.030805995055]
[-24883.681042069333]
[-20393.004217022088]
[-23615.100254436325]
[-13591.785694592721]
[-14019.554072538202]
[-25785.91517591869]
[-25337.930521741164]
[-20379.026001551956]
[-27393.995215442206]
[-23836.59808547215]
[-26812.519140273693]
[-22180.147790216215]
[-26732.692708931874]
[-24333.48033125779]
[-25293.943106807874]
[-25777.279386950428]
[-26980.164083206364]
None
None
[-25113.927871025604]
[-25359.4001918331]
[-11147.359816906494]
[-11135.093123501978]
[-19956.99931497232]
[-27557.283433915843]
[-14467.193054395446]
[-12850.110819583773]
[-28089.111381033254]
[-2562.608385560611]
[-25959.99332112195]
[-22654.300267620092]
[-27987.743764807]
None
[-24820.747407267238]
[-21752.579830410526]
[-26527.989747631287]
[-22784.964892804976]
[-25796.575813798474]
[-23511.053894049543]
[-18384.56658643827]
[-23801.31938790936]
[-23733.141357294604]
None
[-22872.12458489806]
[-16302.239062266399]
[-12647.955728633018]
None
None
None
[-13030.796940823304]
[-24658.06827369211]
[-26439.79176088798]
[-27292.32976783447]
[-24202.112497442755]
[-28019.73283051711]
[-26077.686790224634]
[-27626.437301381593]
[-25423.120337369473]
[-21956.66552733146]
[-27397.40581778474]
[-25647.14506901626]
[-28054.406232476693]
[-26582.599588092267]
[-27169.704901188135]
[-27229.20547135174]
[-27996.032121550747]
[-25761.04502577148]
[-28104.83166447219]
[-22416.70058853595]
[-23545.499179998853]
[-27146.48846040946]
[-26800.26678804888]
[-26883.60998786133]
[-25379.650013617316]
[-26033.62078323126]
[-25580.881139252408]
None
None
[-21259.164570782053]
[-15976.757557504654]
[-16839.22747317762]
None
[-27180.731992333574]
[-23099.736180443553]
[-25436.563842218882]
[-22756.788489943774]
[-19476.584836388618]
[-23112.89370341939]
[-25840.1355143591]
None
[-24620.380118855464]
[-24821.616006224]
[-27720.76965066409]
None
[-25748.2457612944]
[-26993.96857605857]
[-27182.314164270792]
[-26634.748401175242]
[-25222.766318452366]
[-21813.426996718827]
[-27407.506509051644]
[-27155.45729685866]
[-22953.809011445952]
[-21463.68847842207]
[-24921.518359621496]
[-25400.951298132746]
[-25716.981014922138]
[-27557.409524592185]
