2.5569708004185867e+57
2.5569708004185867e+57
2.5569708004185867e+57
1.3754172518995486e+82
1.3754172518995486e+82
1.3754172518995486e+82
7.128746305430733e+59
7.128746305430733e+59
7.128746305430733e+59
2.730324437509463e+46
2.730324437509463e+46
2.730324437509463e+46
2.2613313303858898e+73
2.2613313303858898e+73
2.2613313303858898e+73
1.6330803714658498e+54
1.6330803714658498e+54
1.6330803714658498e+54
8.086832660492326e+73
8.086832660492326e+73
8.086832660492326e+73
1.2232783384790848e+96
1.2232783384790848e+96
1.2232783384790848e+96
6.159307940352316e+70
6.159307940352316e+70
6.159307940352316e+70
5.6997106582477606e+45
5.6997106582477606e+45
5.6997106582477606e+45
3.8796754802710743e+31
3.8796754802710743e+31
3.8796754802710743e+31
1.5210103977817703e+72
1.5210103977817703e+72
1.5210103977817703e+72
4.6716329123175796e+54
4.6716329123175796e+54
4.6716329123175796e+54
3.954105873215279e+40
3.954105873215279e+40
3.954105873215279e+40
2.646808932300724e+42
2.646808932300724e+42
2.646808932300724e+42
6.647490694538923e+79
6.647490694538923e+79
6.647490694538923e+79
3.382940715290873e+80
3.382940715290873e+80
3.382940715290873e+80
3.326156463720849e+60
3.326156463720849e+60
3.326156463720849e+60
1.9803671303678687e+70
1.9803671303678687e+70
1.9803671303678687e+70
7.169437358291648e+41
7.169437358291648e+41
7.169437358291648e+41
1.223862688620259e+81
1.223862688620259e+81
1.223862688620259e+81
3.8318285094775224e+43
3.8318285094775224e+43
3.8318285094775224e+43
2.286865634226645e+47
2.286865634226645e+47
2.286865634226645e+47
8.408849826358211e+84
8.408849826358211e+84
8.408849826358211e+84
6.634315572456212e+67
6.634315572456212e+67
6.634315572456212e+67
3.4769357283827513e+25
3.4769357283827513e+25
3.4769357283827513e+25
1.1990869118462745e+29
1.1990869118462745e+29
1.1990869118462745e+29
9.629877587591883e+84
9.629877587591883e+84
9.629877587591883e+84
2.8547067524853236e+57
2.8547067524853236e+57
2.8547067524853236e+57
4.925496520563392e+88
4.925496520563392e+88
4.925496520563392e+88
1.9763517904242446e+21
1.9763517904242446e+21
1.9763517904242446e+21
3.62838521601788e+43
3.62838521601788e+43
3.62838521601788e+43
1.357819431730339e+54
1.357819431730339e+54
1.357819431730339e+54
1.6508062368435901e+41
1.6508062368435901e+41
1.6508062368435901e+41
2.41803175157482e+35
2.41803175157482e+35
2.41803175157482e+35
1.7776937113618482e+52
1.7776937113618482e+52
1.7776937113618482e+52
1.126692540952708e+103
1.126692540952708e+103
1.126692540952708e+103
5.180476155067753e+41
5.180476155067753e+41
5.180476155067753e+41
2.18563737083768e+62
2.18563737083768e+62
2.18563737083768e+62
2.865097601528772e+32
2.865097601528772e+32
2.865097601528772e+32
4.8302537918162614e+64
4.8302537918162614e+64
4.8302537918162614e+64
2.116224993908691e+70
2.116224993908691e+70
2.116224993908691e+70
6.649710017897681e+72
6.649710017897681e+72
6.649710017897681e+72
2.3648588885605297e+40
2.3648588885605297e+40
2.3648588885605297e+40
1.3383473865291704e+45
1.3383473865291704e+45
1.3383473865291704e+45
1.6271389164287627e+26
1.6271389164287627e+26
1.6271389164287627e+26
1.720857049960773e+51
1.720857049960773e+51
1.720857049960773e+51
1.4214494304426282e+47
1.4214494304426282e+47
1.4214494304426282e+47
2.3122718921987926e+33
2.566549537255923e+76
3.636809719115641e+38
4.885829838239736e+40
4.885829838239736e+40
4.885829838239736e+40
2.485731503102212e+73
2.485731503102212e+73
7.766242149614409e+51
