5.885367239708822e+297
5.885367239708822e+297
5.885367239708822e+297
0.0
0.0
0.0
5.651010581517709e+33
5.651010581517709e+33
5.651010581517709e+33
1.1403342871518519e+61
1.1403342871518519e+61
1.1403342871518519e+61
1.0877878161322271e+44
1.0877878161322271e+44
1.0877878161322271e+44
5.3385235497867145e+57
5.3385235497867145e+57
5.3385235497867145e+57
2.1701827306434138e+80
2.1701827306434138e+80
2.1701827306434138e+80
8.88370897741163e+58
8.88370897741163e+58
8.88370897741163e+58
1.4228067006716356e+44
1.4228067006716356e+44
1.4228067006716356e+44
6.5231450469910464e+35
6.5231450469910464e+35
6.5231450469910464e+35
2.436019710719353e+44
2.436019710719353e+44
2.436019710719353e+44
7.088500799377029e+74
7.088500799377029e+74
7.088500799377029e+74
8.501415418916759e+55
8.501415418916759e+55
8.501415418916759e+55
1.1632074569641119e+50
1.1632074569641119e+50
1.1632074569641119e+50
2.967135737387918e+43
2.967135737387918e+43
2.967135737387918e+43
4.881356474706477e+97
4.881356474706477e+97
4.881356474706477e+97
5.2796081720837356e+26
5.2796081720837356e+26
5.2796081720837356e+26
1.5729783520183481e+30
1.5729783520183481e+30
1.5729783520183481e+30
1.534172990118829e+36
1.534172990118829e+36
1.534172990118829e+36
1.2171483079519063e+43
1.2171483079519063e+43
1.2171483079519063e+43
9.277233856418454e+38
9.277233856418454e+38
9.277233856418454e+38
1.8581815598530299e+22
1.8581815598530299e+22
1.8581815598530299e+22
7.210677674436773e+46
7.210677674436773e+46
7.210677674436773e+46
8.542612387251462e+57
8.542612387251462e+57
8.542612387251462e+57
3.95939948189725e+31
3.95939948189725e+31
3.95939948189725e+31
1.128646047916241e+38
1.128646047916241e+38
1.128646047916241e+38
2.2546245816000922e+61
2.2546245816000922e+61
2.2546245816000922e+61
3.3358773525885844e+47
3.3358773525885844e+47
3.3358773525885844e+47
3.453500624498488e+35
3.453500624498488e+35
3.453500624498488e+35
1.5323866572673398e+44
1.5323866572673398e+44
1.5323866572673398e+44
4.8951959045248894e+27
4.8951959045248894e+27
4.8951959045248894e+27
3.211576419835142e+29
3.211576419835142e+29
3.211576419835142e+29
1.3314864959374412e+34
1.3314864959374412e+34
1.3314864959374412e+34
2.962403216109899e+46
2.962403216109899e+46
2.962403216109899e+46
3.0988666768101015e+22
3.0988666768101015e+22
3.0988666768101015e+22
2.9140747810598404e+44
2.9140747810598404e+44
2.9140747810598404e+44
1.5462124016730766e+62
1.5462124016730766e+62
1.5462124016730766e+62
3.3215428208144816e+30
3.3215428208144816e+30
3.3215428208144816e+30
2.6260283106182845e+76
2.6260283106182845e+76
2.6260283106182845e+76
1.924706142241055e+55
1.924706142241055e+55
1.924706142241055e+55
7.640998927569946e+26
7.640998927569946e+26
7.640998927569946e+26
5.460304499366748e+47
5.460304499366748e+47
5.460304499366748e+47
2.6523494536662643e+40
2.6523494536662643e+40
2.6523494536662643e+40
8.821889427055095e+46
8.821889427055095e+46
8.821889427055095e+46
2.1789685320654828e+16
2.1789685320654828e+16
2.1789685320654828e+16
2.3791257551963134e+24
2.3791257551963134e+24
2.3791257551963134e+24
4.891885267775708e+34
4.891885267775708e+34
4.891885267775708e+34
1.0086319432248548e+71
1.0086319432248548e+71
1.0086319432248548e+71
3.4760719780853674e+43
3.4760719780853674e+43
3.4760719780853674e+43
2.070364615642092e+41
2.070364615642092e+41
2.070364615642092e+41
1.8737401828774232e+70
1.8737401828774232e+70
1.8737401828774232e+70
3.4500629118540566e+28
3.4500629118540566e+28
3.4500629118540566e+28
1.8292897638400118e+51
1.8292897638400118e+51
1.8292897638400118e+51
1.2163000012835616e+30
1.2163000012835616e+30
1.2163000012835616e+30
4.294218465546325e+35
4.294218465546325e+35
4.294218465546325e+35
1.652393519764226e+80
1.652393519764226e+80
1.652393519764226e+80
1.03428898089976e+47
1.03428898089976e+47
1.03428898089976e+47
1.8735672289613032e+43
1.8735672289613032e+43
1.8735672289613032e+43
5.138356968641843e+43
5.138356968641843e+43
5.138356968641843e+43
6.2291243422699735e+59
6.2291243422699735e+59
6.2291243422699735e+59
1.7826308568118483e+25
1.7826308568118483e+25
1.7826308568118483e+25
7.621860367582369e+24
7.621860367582369e+24
7.621860367582369e+24
1.1353624648352927e+68
1.1353624648352927e+68
1.1353624648352927e+68
3.2184555105315e+22
3.2184555105315e+22
3.2184555105315e+22
7456790419094294.0
7456790419094294.0
7456790419094294.0
2.215289975726352e+51
2.215289975726352e+51
2.215289975726352e+51
7.229755980441627e+25
7.229755980441627e+25
