0.00126156626101008 0.00126156626101008 0.0
5.009197276916716 5.009197276916716 0.0
39.460502221839334 39.460502221839334 0.0
21.570013038667383 21.570013038667383 0.0
1.4329155912530922 1.4329155912530922 0.0
81.294839445793 81.294839445793 0.0
167.4675821987109 167.4675821987109 0.0
207.3204243639509 207.3204243639509 0.0
304.5849893832642 304.5849893832642 0.0
855.0010846910154 817.9921654147954 37.00891927622001
384.3632796268912 367.63135375441254 16.731925872478655
844.1300399922482 844.1300399922482 0.0
1131.4325830039702 1131.4325830039702 0.0
872.8069525093106 803.4943893699372 69.31256313937342
933.9555900443386 933.9555900443386 0.0
906.2633041762183 906.2633041762183 0.0
486.44094587092627 [[486.44094587]] [[0.]]
1155.467372645396 968.1082269781721 187.35914566722386
[[909.19462252]] 831.5779374242229 [[77.6166851]]
[752.27516025] 746.0300801597307 [6.24508009]
730.2874400967557 690.7063841397019 39.58105595705388
790.6697611006537 704.5317902517568 86.13797084889688
1019.0807084113842 1009.5803940068922 9.500314404491974
863.3355790250203 [[863.33557903]] [[0.]]
1024.4787887825087 1005.2739786884274 19.204810094081267
[[952.51123586]] 869.5398474694648 [[82.97138839]]
982.4172645357676 982.4172645357676 0.0
836.7895269770893 825.94678584333 10.842741133759318
1135.1711320295267 [[1135.17113203]] [[0.]]
749.7904405859697 749.7904405859697 0.0
1134.7471490848795 1134.7471490848795 0.0
[[950.59358723]] 943.220804540857 [[7.37278269]]
402.33315264842577 301.85827024381354 100.47488240461223
637.4302662633047 485.6179169175525 151.81234934575218
816.7766643241625 654.5322690031026 162.24439532105998
725.3398203694344 714.1116297638368 11.228190605597547
669.4429362321721 [[669.44293623]] [[0.]]
902.338158333491 598.4094828112702 303.92867552222083
396.1415744468602 378.6918484244152 17.44972602244502
229.7926922618375 203.02221154636777 26.770480715469716
282.00216879617767 [[274.36688323]] [[7.63528557]]
362.60635856658166 340.6095140777743 21.99684448880737
434.2802193602987 434.2802193602987 0.0
157.86758396280868 157.86758396280868 0.0
[[271.57227568]] 188.43563271372238 [[83.13664297]]
741.1364744105608 577.0652571255371 164.07121728502375
484.5209860964944 423.3476026266128 61.17338346988163
430.4446894554767 430.4446894554767 0.0
445.6641885644125 367.4685061937879 78.19568237062458
415.7820452440293 415.7820452440293 0.0
365.22523490168703 365.22523490168703 0.0
311.01851839478115 309.02922875018567 1.9892896445954875
167.5583740294294 90.02401169526706 77.53436233416232
1019.9862661498113 966.1959709495638 53.79029520024744
[[723.99436816]] 700.8474477671632 [[23.1469204]]
239.12811810542985 [[235.85293766]] [[3.27518045]]
599.8272630556105 599.8272630556105 0.0
292.30298115570065 289.44644108342663 2.856540072274015
256.52789527191817 244.50395138092887 12.023943890989301
[[282.53085537]] [[253.33120672]] [[29.19964865]]
625.0829267352576 [[625.08292674]] [[0.]]
229.93458351091556 212.86409153617973 17.07049197473583
349.9823520400307 349.9823520400307 0.0
322.99750896388696 [[309.56009891]] [[13.43741006]]
301.431800043404 296.27541982243275 5.1563802209712435
1071.867124652978 [[905.04746529]] [[166.81965936]]
[[1169.14540104]] 1139.4461474518355 [[29.69925359]]
971.1363670397933 845.8119385840008 125.32442845579249
[[239.8452049]] 225.5554773084748 [[14.28972759]]
187.74097211798835 [[177.46696827]] [[10.27400385]]
246.64520239038728 219.15722502776327 27.487977362624008
191.51714264625366 174.3503139586 17.166828687653663
214.83838901217712 214.83838901217712 0.0
246.25451655289953 196.9772476125935 49.277268940306044
[[370.41408028]] 353.4750117774131 [[16.9390685]]
273.4128677945389 [[273.41286779]] [[0.]]
244.17282151200033 [[227.73233157]] [[16.44048994]]
1278.0537739457425 1252.6638294878792 25.389944457863294
[[299.94486508]] 262.7683341086315 [[37.17653097]]
154.34209325504048 149.9145574689461 4.427535786094381
[[383.11657192]] 369.1301039231396 [[13.98646799]]
209.85323240696096 [[136.46760629]] [[73.38562612]]
[[829.15229996]] 635.2573809267379 [[193.89491903]]
[[156.84984097]] [[148.69704212]] [[8.15279885]]
176.65620844808848 127.37874932344056 49.27745912464792
90.80743928106551 89.98966002284999 0.8177792582155234
1060.2205331161135 [[1057.21019775]] [[3.01033537]]
377.7083411345159 [[216.58861066]] [[161.11973048]]
[[573.7039732]] [[493.6599842]] [[80.043989]]
[[356.79846227]] 355.82936378194375 [[0.96909849]]
[[151.03437454]] 142.43773406736034 [[8.59664047]]
250.90102950927815 [[204.58389833]] [[46.31713118]]
[[477.9301212]] 337.78099350984314 [[140.14912769]]
[[194.39001405]] 155.4128721370198 [[38.97714192]]
[[320.94275293]] 262.79762860452416 [[58.14512432]]
277.142339687886 246.74761651957334 30.39472316831268
[[140.20554449]] 106.83964275207902 [[33.36590174]]
188.4162430183153 159.56067481600275 28.855568202312554
277.07592692491454 239.89130616146582 37.18462076344872
245.8871442061576 245.59987696926976 0.2872672368878284
138.28854413081632 138.2717441985592 0.016799932257129058
[[1457.80299056]] 1320.0227941331023 [[137.78019642]]
[[428.60759708]] 390.6767582748573 [[37.9308388]]
648.6199091220881 518.7619692983244 129.85793982376367
[[313.96880149]] 266.81133762826033 [[47.15746386]]
[[224.03298354]] [[143.16658221]] [[80.86640134]]
[[670.97991738]] 636.5106134786483 [[34.4693039]]
124.6324625867361 124.6324625867361 0.0
60.471857485638736 60.471857485638736 0.0
49.63819405129621 25.71186024727311 23.926333804023102
143.7044347804839 143.7044347804839 0.0
118.23624664580831 113.8540818317662 4.382164814042113
332.66926599499425 [[291.01242185]] [[41.65684415]]
937.194850613689 861.2260617445021 75.96878886918694
888.752215199627 588.5409200726942 300.2112951269328
158.89226867997877 158.89226867997877 0.0
185.760293329754 111.10143745429627 74.65885587545773
120.11759149380015 120.11759149380015 0.0
105.70404230354126 [[65.05644538]] [[40.64759693]]
173.59315398430437 146.2816692334281 27.311484750876275
413.1639767345081 369.7423848195901 43.421591914918
137.80581340926494 123.25871855345059 14.54709485581435
249.13112961132026 [[236.60666342]] [[12.5244662]]
187.2560741905362 157.90701116383252 29.349063026703675
[[254.25445341]] [[177.97809756]] [[76.27635585]]
66.5989603688663 66.5989603688663 0.0
388.62755316243704 [[311.43129711]] [[77.19625605]]
182.7359683010925 [[162.01278075]] [[20.72318755]]
[[194.86681873]] 150.0106073236865 [[44.8562114]]
[[828.35703721]] 814.9936655625874 [[13.36337164]]
175.98196222108652 134.29173987618748 41.69022234489904
114.47774229391291 107.37362143638987 7.104120857523043
127.75326991119744 102.10048808940167 25.65278182179577
182.99474756720548 155.41049277633124 27.58425479087424
[[124.2403059]] 112.19728552166919 [[12.04302038]]
[[262.86666395]] [[208.94469982]] [[53.92196413]]
[[87.38339876]] 77.35907629171606 [[10.02432247]]
[[239.17302887]] 176.51166825925247 [[62.66136062]]
[[107.79588869]] 101.61200991152543 [[6.18387878]]
[[173.28669936]] 163.4181309917401 [[9.86856837]]
[[1352.46070073]] 796.2473727981123 [[556.21332793]]
174.89970197229127 139.9705893271106 34.92911264518068
[[220.32306405]] 182.6705651204668 [[37.65249893]]
161.97002589549686 145.88832249622646 16.081703399270395
[[212.11412379]] 148.19228771070897 [[63.92183607]]
[[846.40535814]] 582.7027068861602 [[263.70265125]]
[[164.35458567]] [[114.12007635]] [[50.23450932]]
[[586.07283748]] 544.4174363522421 [[41.65540113]]
147.25157203385038 97.47737020485425 49.77420182899613
183.3808889335894 171.09242617870996 12.288462754879447
128.5083804804018 114.72703718385662 13.781343296545174
[[207.62644717]] 196.7404557810563 [[10.88599139]]
258.3572541420804 232.9244526193678 25.432801522712623
256.41786545407115 240.95596557266106 15.46189988141009
108.78733123687948 [[108.78733124]] [[0.]]
[[174.19492688]] 153.93251928823304 [[20.26240759]]
193.21375673061118 152.55291402418231 40.660842706428866
390.6284645794773 [[160.56446703]] [[230.06399755]]
87.20569011076674 53.8389971905672 33.36669292019954
41.028975945558244 [[41.02897595]] [[0.]]
[[84.49573639]] 64.09362634157617 [[20.40211005]]
[[54.00675757]] 52.51836888890199 [[1.48838868]]
184.43779558106814 147.55640305193913 36.881392529129016
113.67317107024195 [[56.57790672]] [[57.09526435]]
39.7957743142496 38.412093647568724 1.383680666680874
127.30294564136784 [[72.95499881]] [[54.34794683]]
18.346106886279358 16.463283470519613 1.882823415759745
53.66199582785919 [[36.54984849]] [[17.11214734]]
86.50466088172746 [[85.66986671]] [[0.83479417]]
78.55249842270518 74.8081954374133 3.744302985291881
[[194.08743175]] 126.17846104575091 [[67.90897071]]
265.5512576007866 229.0830640385173 36.46819356226928
176.76465925125018 168.710386460559 8.054272790691186
[[80.86573781]] 67.92486138868617 [[12.94087642]]
249.5523310672845 242.18955382133026 7.362777245954248
73.88485355171565 65.93693650278504 7.947917048930606
117.13695086662392 [[117.13695087]] [[0.]]
[[52.22098541]] 51.76975744730072 [[0.45122796]]
[[110.64289935]] 48.271299068307485 [[62.37160028]]
[[103.43310194]] 95.51137488289416 [[7.92172706]]
107.26343557648698 88.89804244874995 18.365393127737036
[[163.85689869]] 158.45574007601505 [[5.40115861]]
105.67333418369452 100.23981698188123 5.433517201813288
43.75970777721693 29.525252374447945 14.234455402768987
[[163.72881799]] [[163.72881799]] [[0.]]
178.26502875892106 89.84323218410896 88.4217965748121
[[84.38908469]] 67.74795667698595 [[16.64112801]]
118.43633774886143 57.47732699779999 60.95901075106144
173.18455264085884 166.54902201835608 6.635530622502756
928.6255951611006 784.1758271437695 144.44976801733105
1044.2872286692123 1038.1914145091032 6.095814160109057
1209.196796329945 947.1489716724686 262.04782465747644
872.7944202739956 796.735291537439 76.05912873655654
592.7085743514681 [[577.24114259]] [[15.46743176]]
805.3168401220139 781.8981302498033 23.41870987221057
[[633.47979018]] 442.68204446928416 [[190.79774571]]
612.6666105296651 373.61936570805483 239.04724482161032
[[1384.68355376]] [[1122.48422837]] [[262.19932539]]
1182.7559840234726 1143.7050585609384 39.050925462534224
